0 -1 #SUP: 219
1 -1 #SUP: 227
2 -1 #SUP: 218
3 -1 #SUP: 183
4 -1 #SUP: 151
6 -1 #SUP: 139
8 -1 #SUP: 116
10 -1 #SUP: 124
11 -1 #SUP: 118
12 -1 #SUP: 148
13 -1 #SUP: 198
16 -1 #SUP: 138
18 -1 #SUP: 153
21 -1 #SUP: 141
22 -1 #SUP: 105
24 -1 #SUP: 104
2 -1 0 -1 #SUP: 166
2 -1 0 -1 0 -1 #SUP: 129
2 -1 0 -1 0 -1 0 -1 #SUP: 107
2 -1 0 -1 0 -1 1 -1 #SUP: 118
2 -1 0 -1 0 -1 1 -1 0 -1 #SUP: 104
2 -1 0 -1 0 -1 1 -1 1 -1 #SUP: 116
2 -1 0 -1 0 -1 1 -1 1 -1 0 -1 #SUP: 104
2 -1 0 -1 0 -1 1 -1 1 -1 3 -1 #SUP: 105
2 -1 0 -1 0 -1 1 -1 2 -1 #SUP: 103
2 -1 0 -1 0 -1 1 -1 3 -1 #SUP: 106
2 -1 0 -1 0 -1 2 -1 #SUP: 114
2 -1 0 -1 0 -1 2 -1 0 -1 #SUP: 101
2 -1 0 -1 0 -1 2 -1 1 -1 #SUP: 107
2 -1 0 -1 0 -1 2 -1 1 -1 1 -1 #SUP: 106
2 -1 0 -1 0 -1 2 -1 2 -1 #SUP: 103
2 -1 0 -1 0 -1 2 -1 3 -1 #SUP: 101
2 -1 0 -1 0 -1 3 -1 #SUP: 107
2 -1 0 -1 0 -1 13 -1 #SUP: 103
2 -1 0 -1 0 -1 13 -1 13 -1 #SUP: 101
2 -1 0 -1 1 -1 #SUP: 159
2 -1 0 -1 1 -1 0 -1 #SUP: 128
2 -1 0 -1 1 -1 0 -1 0 -1 #SUP: 105
2 -1 0 -1 1 -1 0 -1 1 -1 #SUP: 116
2 -1 0 -1 1 -1 0 -1 1 -1 0 -1 #SUP: 102
2 -1 0 -1 1 -1 0 -1 1 -1 1 -1 #SUP: 114
2 -1 0 -1 1 -1 0 -1 1 -1 1 -1 0 -1 #SUP: 101
2 -1 0 -1 1 -1 0 -1 1 -1 1 -1 3 -1 #SUP: 104
2 -1 0 -1 1 -1 0 -1 1 -1 2 -1 #SUP: 102
2 -1 0 -1 1 -1 0 -1 1 -1 3 -1 #SUP: 104
2 -1 0 -1 1 -1 0 -1 2 -1 #SUP: 112
2 -1 0 -1 1 -1 0 -1 2 -1 1 -1 #SUP: 104
2 -1 0 -1 1 -1 0 -1 2 -1 1 -1 1 -1 #SUP: 103
2 -1 0 -1 1 -1 0 -1 2 -1 2 -1 #SUP: 101
2 -1 0 -1 1 -1 0 -1 3 -1 #SUP: 106
2 -1 0 -1 1 -1 0 -1 13 -1 #SUP: 103
2 -1 0 -1 1 -1 1 -1 #SUP: 156
2 -1 0 -1 1 -1 1 -1 0 -1 #SUP: 125
2 -1 0 -1 1 -1 1 -1 0 -1 0 -1 #SUP: 102
2 -1 0 -1 1 -1 1 -1 0 -1 1 -1 #SUP: 114
2 -1 0 -1 1 -1 1 -1 0 -1 1 -1 1 -1 #SUP: 113
2 -1 0 -1 1 -1 1 -1 0 -1 1 -1 1 -1 3 -1 #SUP: 103
2 -1 0 -1 1 -1 1 -1 0 -1 1 -1 3 -1 #SUP: 103
2 -1 0 -1 1 -1 1 -1 0 -1 2 -1 #SUP: 109
2 -1 0 -1 1 -1 1 -1 0 -1 2 -1 1 -1 #SUP: 102
2 -1 0 -1 1 -1 1 -1 0 -1 2 -1 1 -1 1 -1 #SUP: 101
2 -1 0 -1 1 -1 1 -1 0 -1 3 -1 #SUP: 104
2 -1 0 -1 1 -1 1 -1 1 -1 #SUP: 128
2 -1 0 -1 1 -1 1 -1 1 -1 0 -1 #SUP: 110
2 -1 0 -1 1 -1 1 -1 1 -1 0 -1 1 -1 #SUP: 102
2 -1 0 -1 1 -1 1 -1 1 -1 0 -1 1 -1 1 -1 #SUP: 101
2 -1 0 -1 1 -1 1 -1 1 -1 1 -1 #SUP: 120
2 -1 0 -1 1 -1 1 -1 1 -1 1 -1 0 -1 #SUP: 105
2 -1 0 -1 1 -1 1 -1 1 -1 1 -1 1 -1 #SUP: 105
2 -1 0 -1 1 -1 1 -1 1 -1 1 -1 1 -1 1 -1 #SUP: 102
2 -1 0 -1 1 -1 1 -1 1 -1 1 -1 2 -1 #SUP: 106
2 -1 0 -1 1 -1 1 -1 1 -1 1 -1 3 -1 #SUP: 110
2 -1 0 -1 1 -1 1 -1 1 -1 1 -1 13 -1 #SUP: 104
2 -1 0 -1 1 -1 1 -1 1 -1 2 -1 #SUP: 111
2 -1 0 -1 1 -1 1 -1 1 -1 3 -1 #SUP: 116
2 -1 0 -1 1 -1 1 -1 1 -1 3 -1 0 -1 #SUP: 101
2 -1 0 -1 1 -1 1 -1 1 -1 3 -1 3 -1 #SUP: 101
2 -1 0 -1 1 -1 1 -1 1 -1 13 -1 #SUP: 105
2 -1 0 -1 1 -1 1 -1 1 -1 13 -1 13 -1 #SUP: 101
2 -1 0 -1 1 -1 1 -1 2 -1 #SUP: 130
2 -1 0 -1 1 -1 1 -1 2 -1 0 -1 #SUP: 108
2 -1 0 -1 1 -1 1 -1 2 -1 0 -1 1 -1 #SUP: 105
2 -1 0 -1 1 -1 1 -1 2 -1 0 -1 1 -1 1 -1 #SUP: 104
2 -1 0 -1 1 -1 1 -1 2 -1 1 -1 #SUP: 111
2 -1 0 -1 1 -1 1 -1 2 -1 1 -1 1 -1 #SUP: 110
2 -1 0 -1 1 -1 1 -1 2 -1 1 -1 1 -1 3 -1 #SUP: 102
2 -1 0 -1 1 -1 1 -1 2 -1 1 -1 3 -1 #SUP: 102
2 -1 0 -1 1 -1 1 -1 2 -1 2 -1 #SUP: 105
2 -1 0 -1 1 -1 1 -1 2 -1 3 -1 #SUP: 104
2 -1 0 -1 1 -1 1 -1 3 -1 #SUP: 136
2 -1 0 -1 1 -1 1 -1 3 -1 0 -1 #SUP: 111
2 -1 0 -1 1 -1 1 -1 3 -1 0 -1 1 -1 #SUP: 101
2 -1 0 -1 1 -1 1 -1 3 -1 1 -1 #SUP: 110
2 -1 0 -1 1 -1 1 -1 3 -1 1 -1 1 -1 #SUP: 104
2 -1 0 -1 1 -1 1 -1 3 -1 1 -1 3 -1 #SUP: 104
2 -1 0 -1 1 -1 1 -1 3 -1 2 -1 #SUP: 113
2 -1 0 -1 1 -1 1 -1 3 -1 3 -1 #SUP: 124
2 -1 0 -1 1 -1 1 -1 3 -1 3 -1 0 -1 #SUP: 102
2 -1 0 -1 1 -1 1 -1 3 -1 3 -1 1 -1 #SUP: 101
2 -1 0 -1 1 -1 1 -1 3 -1 3 -1 2 -1 #SUP: 102
2 -1 0 -1 1 -1 1 -1 3 -1 3 -1 3 -1 #SUP: 112
2 -1 0 -1 1 -1 1 -1 3 -1 3 -1 3 -1 3 -1 #SUP: 105
2 -1 0 -1 1 -1 1 -1 3 -1 3 -1 13 -1 #SUP: 101
2 -1 0 -1 1 -1 1 -1 3 -1 4 -1 #SUP: 109
2 -1 0 -1 1 -1 1 -1 3 -1 13 -1 #SUP: 111
2 -1 0 -1 1 -1 1 -1 3 -1 13 -1 3 -1 #SUP: 103
2 -1 0 -1 1 -1 1 -1 3 -1 13 -1 13 -1 #SUP: 103
2 -1 0 -1 1 -1 1 -1 4 -1 #SUP: 115
2 -1 0 -1 1 -1 1 -1 4 -1 3 -1 #SUP: 105
2 -1 0 -1 1 -1 1 -1 4 -1 4 -1 #SUP: 101
2 -1 0 -1 1 -1 1 -1 6 -1 #SUP: 107
2 -1 0 -1 1 -1 1 -1 6 -1 3 -1 #SUP: 103
2 -1 0 -1 1 -1 1 -1 10 -1 #SUP: 102
2 -1 0 -1 1 -1 1 -1 13 -1 #SUP: 133
2 -1 0 -1 1 -1 1 -1 13 -1 0 -1 #SUP: 103
2 -1 0 -1 1 -1 1 -1 13 -1 1 -1 #SUP: 103
2 -1 0 -1 1 -1 1 -1 13 -1 2 -1 #SUP: 110
2 -1 0 -1 1 -1 1 -1 13 -1 3 -1 #SUP: 116
2 -1 0 -1 1 -1 1 -1 13 -1 3 -1 3 -1 #SUP: 103
2 -1 0 -1 1 -1 1 -1 13 -1 13 -1 #SUP: 119
2 -1 0 -1 1 -1 1 -1 13 -1 13 -1 13 -1 #SUP: 107
2 -1 0 -1 1 -1 1 -1 16 -1 #SUP: 106
2 -1 0 -1 1 -1 1 -1 18 -1 #SUP: 121
2 -1 0 -1 1 -1 1 -1 18 -1 3 -1 #SUP: 114
2 -1 0 -1 1 -1 1 -1 18 -1 3 -1 3 -1 #SUP: 104
2 -1 0 -1 1 -1 1 -1 18 -1 13 -1 #SUP: 116
2 -1 0 -1 1 -1 1 -1 18 -1 13 -1 3 -1 #SUP: 110
2 -1 0 -1 1 -1 1 -1 18 -1 13 -1 13 -1 #SUP: 106
2 -1 0 -1 1 -1 1 -1 18 -1 21 -1 #SUP: 102
2 -1 0 -1 1 -1 1 -1 21 -1 #SUP: 111
2 -1 0 -1 1 -1 1 -1 21 -1 3 -1 #SUP: 106
2 -1 0 -1 1 -1 2 -1 #SUP: 133
2 -1 0 -1 1 -1 2 -1 0 -1 #SUP: 110
2 -1 0 -1 1 -1 2 -1 0 -1 1 -1 #SUP: 106
2 -1 0 -1 1 -1 2 -1 0 -1 1 -1 1 -1 #SUP: 104
2 -1 0 -1 1 -1 2 -1 1 -1 #SUP: 113
2 -1 0 -1 1 -1 2 -1 1 -1 1 -1 #SUP: 110
2 -1 0 -1 1 -1 2 -1 1 -1 1 -1 3 -1 #SUP: 102
2 -1 0 -1 1 -1 2 -1 1 -1 3 -1 #SUP: 103
2 -1 0 -1 1 -1 2 -1 2 -1 #SUP: 107
2 -1 0 -1 1 -1 2 -1 2 -1 1 -1 #SUP: 101
2 -1 0 -1 1 -1 2 -1 3 -1 #SUP: 106
2 -1 0 -1 1 -1 3 -1 #SUP: 139
2 -1 0 -1 1 -1 3 -1 0 -1 #SUP: 114
2 -1 0 -1 1 -1 3 -1 0 -1 1 -1 #SUP: 103
2 -1 0 -1 1 -1 3 -1 0 -1 1 -1 1 -1 #SUP: 101
2 -1 0 -1 1 -1 3 -1 1 -1 #SUP: 112
2 -1 0 -1 1 -1 3 -1 1 -1 1 -1 #SUP: 106
2 -1 0 -1 1 -1 3 -1 1 -1 3 -1 #SUP: 104
2 -1 0 -1 1 -1 3 -1 2 -1 #SUP: 116
2 -1 0 -1 1 -1 3 -1 3 -1 #SUP: 126
2 -1 0 -1 1 -1 3 -1 3 -1 0 -1 #SUP: 104
2 -1 0 -1 1 -1 3 -1 3 -1 1 -1 #SUP: 103
2 -1 0 -1 1 -1 3 -1 3 -1 2 -1 #SUP: 105
2 -1 0 -1 1 -1 3 -1 3 -1 3 -1 #SUP: 114
2 -1 0 -1 1 -1 3 -1 3 -1 3 -1 3 -1 #SUP: 107
2 -1 0 -1 1 -1 3 -1 3 -1 3 -1 3 -1 3 -1 #SUP: 102
2 -1 0 -1 1 -1 3 -1 3 -1 13 -1 #SUP: 104
2 -1 0 -1 1 -1 3 -1 4 -1 #SUP: 111
2 -1 0 -1 1 -1 3 -1 13 -1 #SUP: 114
2 -1 0 -1 1 -1 3 -1 13 -1 3 -1 #SUP: 106
2 -1 0 -1 1 -1 3 -1 13 -1 13 -1 #SUP: 106
2 -1 0 -1 1 -1 3 -1 13 -1 13 -1 13 -1 #SUP: 101
2 -1 0 -1 1 -1 3 -1 18 -1 #SUP: 101
2 -1 0 -1 1 -1 4 -1 #SUP: 117
2 -1 0 -1 1 -1 4 -1 2 -1 #SUP: 104
2 -1 0 -1 1 -1 4 -1 3 -1 #SUP: 106
2 -1 0 -1 1 -1 4 -1 4 -1 #SUP: 102
2 -1 0 -1 1 -1 6 -1 #SUP: 107
2 -1 0 -1 1 -1 6 -1 3 -1 #SUP: 103
2 -1 0 -1 1 -1 10 -1 #SUP: 104
2 -1 0 -1 1 -1 13 -1 #SUP: 134
2 -1 0 -1 1 -1 13 -1 0 -1 #SUP: 108
2 -1 0 -1 1 -1 13 -1 1 -1 #SUP: 108
2 -1 0 -1 1 -1 13 -1 1 -1 1 -1 #SUP: 101
2 -1 0 -1 1 -1 13 -1 2 -1 #SUP: 113
2 -1 0 -1 1 -1 13 -1 3 -1 #SUP: 118
2 -1 0 -1 1 -1 13 -1 3 -1 2 -1 #SUP: 101
2 -1 0 -1 1 -1 13 -1 3 -1 3 -1 #SUP: 105
2 -1 0 -1 1 -1 13 -1 13 -1 #SUP: 120
2 -1 0 -1 1 -1 13 -1 13 -1 0 -1 #SUP: 101
2 -1 0 -1 1 -1 13 -1 13 -1 2 -1 #SUP: 102
2 -1 0 -1 1 -1 13 -1 13 -1 3 -1 #SUP: 102
2 -1 0 -1 1 -1 13 -1 13 -1 13 -1 #SUP: 109
2 -1 0 -1 1 -1 13 -1 13 -1 13 -1 13 -1 #SUP: 103
2 -1 0 -1 1 -1 16 -1 #SUP: 107
2 -1 0 -1 1 -1 16 -1 3 -1 #SUP: 101
2 -1 0 -1 1 -1 18 -1 #SUP: 124
2 -1 0 -1 1 -1 18 -1 0 -1 #SUP: 102
2 -1 0 -1 1 -1 18 -1 1 -1 #SUP: 102
2 -1 0 -1 1 -1 18 -1 2 -1 #SUP: 106
2 -1 0 -1 1 -1 18 -1 3 -1 #SUP: 118
2 -1 0 -1 1 -1 18 -1 3 -1 2 -1 #SUP: 101
2 -1 0 -1 1 -1 18 -1 3 -1 3 -1 #SUP: 108
2 -1 0 -1 1 -1 18 -1 13 -1 #SUP: 119
2 -1 0 -1 1 -1 18 -1 13 -1 2 -1 #SUP: 103
2 -1 0 -1 1 -1 18 -1 13 -1 3 -1 #SUP: 114
2 -1 0 -1 1 -1 18 -1 13 -1 3 -1 3 -1 #SUP: 103
2 -1 0 -1 1 -1 18 -1 13 -1 13 -1 #SUP: 109
2 -1 0 -1 1 -1 18 -1 21 -1 #SUP: 106
2 -1 0 -1 1 -1 18 -1 21 -1 3 -1 #SUP: 103
2 -1 0 -1 1 -1 21 -1 #SUP: 113
2 -1 0 -1 1 -1 21 -1 2 -1 #SUP: 101
2 -1 0 -1 1 -1 21 -1 3 -1 #SUP: 109
2 -1 0 -1 1 -1 21 -1 3 -1 3 -1 #SUP: 103
2 -1 0 -1 1 -1 21 -1 13 -1 #SUP: 103
2 -1 0 -1 2 -1 #SUP: 141
2 -1 0 -1 2 -1 0 -1 #SUP: 117
2 -1 0 -1 2 -1 0 -1 0 -1 #SUP: 101
2 -1 0 -1 2 -1 0 -1 1 -1 #SUP: 113
2 -1 0 -1 2 -1 0 -1 1 -1 1 -1 #SUP: 111
2 -1 0 -1 2 -1 0 -1 1 -1 1 -1 3 -1 #SUP: 102
2 -1 0 -1 2 -1 0 -1 1 -1 2 -1 #SUP: 101
2 -1 0 -1 2 -1 0 -1 1 -1 3 -1 #SUP: 103
2 -1 0 -1 2 -1 0 -1 2 -1 #SUP: 108
2 -1 0 -1 2 -1 0 -1 2 -1 1 -1 #SUP: 103
2 -1 0 -1 2 -1 0 -1 2 -1 1 -1 1 -1 #SUP: 102
2 -1 0 -1 2 -1 0 -1 3 -1 #SUP: 104
2 -1 0 -1 2 -1 1 -1 #SUP: 127
2 -1 0 -1 2 -1 1 -1 0 -1 #SUP: 108
2 -1 0 -1 2 -1 1 -1 1 -1 #SUP: 123
2 -1 0 -1 2 -1 1 -1 1 -1 0 -1 #SUP: 107
2 -1 0 -1 2 -1 1 -1 1 -1 1 -1 #SUP: 105
2 -1 0 -1 2 -1 1 -1 1 -1 1 -1 1 -1 #SUP: 103
2 -1 0 -1 2 -1 1 -1 1 -1 2 -1 #SUP: 107
2 -1 0 -1 2 -1 1 -1 1 -1 3 -1 #SUP: 113
2 -1 0 -1 2 -1 1 -1 1 -1 3 -1 3 -1 #SUP: 104
2 -1 0 -1 2 -1 1 -1 1 -1 13 -1 #SUP: 106
2 -1 0 -1 2 -1 1 -1 1 -1 13 -1 13 -1 #SUP: 103
2 -1 0 -1 2 -1 1 -1 1 -1 18 -1 #SUP: 104
2 -1 0 -1 2 -1 1 -1 2 -1 #SUP: 110
2 -1 0 -1 2 -1 1 -1 3 -1 #SUP: 115
2 -1 0 -1 2 -1 1 -1 3 -1 3 -1 #SUP: 106
2 -1 0 -1 2 -1 1 -1 3 -1 13 -1 #SUP: 101
2 -1 0 -1 2 -1 1 -1 13 -1 #SUP: 108
2 -1 0 -1 2 -1 1 -1 13 -1 13 -1 #SUP: 104
2 -1 0 -1 2 -1 1 -1 18 -1 #SUP: 105
2 -1 0 -1 2 -1 1 -1 18 -1 13 -1 #SUP: 101
2 -1 0 -1 2 -1 2 -1 #SUP: 120
2 -1 0 -1 2 -1 2 -1 0 -1 #SUP: 102
2 -1 0 -1 2 -1 2 -1 1 -1 #SUP: 111
2 -1 0 -1 2 -1 2 -1 1 -1 1 -1 #SUP: 110
2 -1 0 -1 2 -1 2 -1 1 -1 1 -1 3 -1 #SUP: 105
2 -1 0 -1 2 -1 2 -1 1 -1 3 -1 #SUP: 106
2 -1 0 -1 2 -1 2 -1 2 -1 #SUP: 104
2 -1 0 -1 2 -1 2 -1 3 -1 #SUP: 108
2 -1 0 -1 2 -1 3 -1 #SUP: 116
2 -1 0 -1 2 -1 3 -1 0 -1 #SUP: 101
2 -1 0 -1 2 -1 3 -1 2 -1 #SUP: 101
2 -1 0 -1 2 -1 3 -1 3 -1 #SUP: 107
2 -1 0 -1 2 -1 3 -1 13 -1 #SUP: 102
2 -1 0 -1 2 -1 13 -1 #SUP: 108
2 -1 0 -1 2 -1 13 -1 13 -1 #SUP: 104
2 -1 0 -1 2 -1 18 -1 #SUP: 106
2 -1 0 -1 2 -1 18 -1 3 -1 #SUP: 101
2 -1 0 -1 2 -1 18 -1 13 -1 #SUP: 102
2 -1 0 -1 2 -1 18 -1 13 -1 13 -1 #SUP: 101
2 -1 0 -1 2 -1 21 -1 #SUP: 101
2 -1 0 -1 3 -1 #SUP: 140
2 -1 0 -1 3 -1 0 -1 #SUP: 115
2 -1 0 -1 3 -1 0 -1 1 -1 #SUP: 104
2 -1 0 -1 3 -1 0 -1 1 -1 1 -1 #SUP: 102
2 -1 0 -1 3 -1 1 -1 #SUP: 113
2 -1 0 -1 3 -1 1 -1 1 -1 #SUP: 107
2 -1 0 -1 3 -1 1 -1 3 -1 #SUP: 104
2 -1 0 -1 3 -1 2 -1 #SUP: 117
2 -1 0 -1 3 -1 3 -1 #SUP: 126
2 -1 0 -1 3 -1 3 -1 0 -1 #SUP: 104
2 -1 0 -1 3 -1 3 -1 1 -1 #SUP: 103
2 -1 0 -1 3 -1 3 -1 2 -1 #SUP: 105
2 -1 0 -1 3 -1 3 -1 3 -1 #SUP: 114
2 -1 0 -1 3 -1 3 -1 3 -1 3 -1 #SUP: 107
2 -1 0 -1 3 -1 3 -1 3 -1 3 -1 3 -1 #SUP: 102
2 -1 0 -1 3 -1 3 -1 13 -1 #SUP: 104
2 -1 0 -1 3 -1 4 -1 #SUP: 113
2 -1 0 -1 3 -1 4 -1 3 -1 #SUP: 101
2 -1 0 -1 3 -1 13 -1 #SUP: 114
2 -1 0 -1 3 -1 13 -1 3 -1 #SUP: 106
2 -1 0 -1 3 -1 13 -1 13 -1 #SUP: 106
2 -1 0 -1 3 -1 13 -1 13 -1 13 -1 #SUP: 101
2 -1 0 -1 3 -1 18 -1 #SUP: 101
2 -1 0 -1 4 -1 #SUP: 119
2 -1 0 -1 4 -1 0 -1 #SUP: 102
2 -1 0 -1 4 -1 2 -1 #SUP: 106
2 -1 0 -1 4 -1 3 -1 #SUP: 107
2 -1 0 -1 4 -1 4 -1 #SUP: 105
2 -1 0 -1 6 -1 #SUP: 108
2 -1 0 -1 6 -1 3 -1 #SUP: 103
2 -1 0 -1 6 -1 21 -1 #SUP: 101
2 -1 0 -1 10 -1 #SUP: 104
2 -1 0 -1 13 -1 #SUP: 135
2 -1 0 -1 13 -1 0 -1 #SUP: 108
2 -1 0 -1 13 -1 1 -1 #SUP: 108
2 -1 0 -1 13 -1 1 -1 1 -1 #SUP: 102
2 -1 0 -1 13 -1 2 -1 #SUP: 113
2 -1 0 -1 13 -1 3 -1 #SUP: 118
2 -1 0 -1 13 -1 3 -1 2 -1 #SUP: 101
2 -1 0 -1 13 -1 3 -1 3 -1 #SUP: 105
2 -1 0 -1 13 -1 13 -1 #SUP: 120
2 -1 0 -1 13 -1 13 -1 0 -1 #SUP: 101
2 -1 0 -1 13 -1 13 -1 2 -1 #SUP: 102
2 -1 0 -1 13 -1 13 -1 3 -1 #SUP: 102
2 -1 0 -1 13 -1 13 -1 13 -1 #SUP: 109
2 -1 0 -1 13 -1 13 -1 13 -1 13 -1 #SUP: 103
2 -1 0 -1 16 -1 #SUP: 107
2 -1 0 -1 16 -1 3 -1 #SUP: 101
2 -1 0 -1 18 -1 #SUP: 125
2 -1 0 -1 18 -1 0 -1 #SUP: 102
2 -1 0 -1 18 -1 1 -1 #SUP: 102
2 -1 0 -1 18 -1 2 -1 #SUP: 106
2 -1 0 -1 18 -1 3 -1 #SUP: 118
2 -1 0 -1 18 -1 3 -1 2 -1 #SUP: 101
2 -1 0 -1 18 -1 3 -1 3 -1 #SUP: 108
2 -1 0 -1 18 -1 6 -1 #SUP: 101
2 -1 0 -1 18 -1 13 -1 #SUP: 120
2 -1 0 -1 18 -1 13 -1 2 -1 #SUP: 103
2 -1 0 -1 18 -1 13 -1 3 -1 #SUP: 114
2 -1 0 -1 18 -1 13 -1 3 -1 3 -1 #SUP: 103
2 -1 0 -1 18 -1 13 -1 13 -1 #SUP: 109
2 -1 0 -1 18 -1 21 -1 #SUP: 107
2 -1 0 -1 18 -1 21 -1 3 -1 #SUP: 103
2 -1 0 -1 21 -1 #SUP: 114
2 -1 0 -1 21 -1 2 -1 #SUP: 101
2 -1 0 -1 21 -1 3 -1 #SUP: 109
2 -1 0 -1 21 -1 3 -1 3 -1 #SUP: 103
2 -1 0 -1 21 -1 13 -1 #SUP: 104
2 -1 1 -1 #SUP: 183
2 -1 1 -1 0 -1 #SUP: 147
2 -1 1 -1 0 -1 0 -1 #SUP: 117
2 -1 1 -1 0 -1 0 -1 0 -1 #SUP: 101
2 -1 1 -1 0 -1 0 -1 1 -1 #SUP: 110
2 -1 1 -1 0 -1 0 -1 1 -1 1 -1 #SUP: 108
2 -1 1 -1 0 -1 0 -1 1 -1 3 -1 #SUP: 101
2 -1 1 -1 0 -1 0 -1 2 -1 #SUP: 105
2 -1 1 -1 0 -1 0 -1 3 -1 #SUP: 102
2 -1 1 -1 0 -1 1 -1 #SUP: 133
2 -1 1 -1 0 -1 1 -1 0 -1 #SUP: 114
2 -1 1 -1 0 -1 1 -1 0 -1 1 -1 #SUP: 107
2 -1 1 -1 0 -1 1 -1 0 -1 1 -1 1 -1 #SUP: 105
2 -1 1 -1 0 -1 1 -1 0 -1 2 -1 #SUP: 102
2 -1 1 -1 0 -1 1 -1 1 -1 #SUP: 131
2 -1 1 -1 0 -1 1 -1 1 -1 0 -1 #SUP: 113
2 -1 1 -1 0 -1 1 -1 1 -1 0 -1 1 -1 #SUP: 106
2 -1 1 -1 0 -1 1 -1 1 -1 0 -1 1 -1 1 -1 #SUP: 104
2 -1 1 -1 0 -1 1 -1 1 -1 1 -1 #SUP: 113
2 -1 1 -1 0 -1 1 -1 1 -1 1 -1 0 -1 #SUP: 102
2 -1 1 -1 0 -1 1 -1 1 -1 1 -1 1 -1 #SUP: 109
2 -1 1 -1 0 -1 1 -1 1 -1 1 -1 1 -1 3 -1 #SUP: 103
2 -1 1 -1 0 -1 1 -1 1 -1 1 -1 2 -1 #SUP: 101
2 -1 1 -1 0 -1 1 -1 1 -1 1 -1 3 -1 #SUP: 105
2 -1 1 -1 0 -1 1 -1 1 -1 2 -1 #SUP: 113
2 -1 1 -1 0 -1 1 -1 1 -1 2 -1 0 -1 #SUP: 101
2 -1 1 -1 0 -1 1 -1 1 -1 2 -1 1 -1 #SUP: 103
2 -1 1 -1 0 -1 1 -1 1 -1 2 -1 1 -1 1 -1 #SUP: 102
2 -1 1 -1 0 -1 1 -1 1 -1 3 -1 #SUP: 122
2 -1 1 -1 0 -1 1 -1 1 -1 3 -1 0 -1 #SUP: 101
2 -1 1 -1 0 -1 1 -1 1 -1 3 -1 2 -1 #SUP: 102
2 -1 1 -1 0 -1 1 -1 1 -1 3 -1 3 -1 #SUP: 111
2 -1 1 -1 0 -1 1 -1 1 -1 3 -1 3 -1 3 -1 #SUP: 104
2 -1 1 -1 0 -1 1 -1 1 -1 3 -1 13 -1 #SUP: 103
2 -1 1 -1 0 -1 1 -1 1 -1 13 -1 #SUP: 115
2 -1 1 -1 0 -1 1 -1 1 -1 13 -1 3 -1 #SUP: 103
2 -1 1 -1 0 -1 1 -1 1 -1 13 -1 13 -1 #SUP: 105
2 -1 1 -1 0 -1 1 -1 1 -1 18 -1 #SUP: 109
2 -1 1 -1 0 -1 1 -1 1 -1 18 -1 3 -1 #SUP: 103
2 -1 1 -1 0 -1 1 -1 1 -1 18 -1 13 -1 #SUP: 105
2 -1 1 -1 0 -1 1 -1 1 -1 21 -1 #SUP: 103
2 -1 1 -1 0 -1 1 -1 2 -1 #SUP: 116
2 -1 1 -1 0 -1 1 -1 2 -1 0 -1 #SUP: 102
2 -1 1 -1 0 -1 1 -1 2 -1 1 -1 #SUP: 104
2 -1 1 -1 0 -1 1 -1 2 -1 1 -1 1 -1 #SUP: 102
2 -1 1 -1 0 -1 1 -1 2 -1 2 -1 #SUP: 101
2 -1 1 -1 0 -1 1 -1 3 -1 #SUP: 123
2 -1 1 -1 0 -1 1 -1 3 -1 0 -1 #SUP: 102
2 -1 1 -1 0 -1 1 -1 3 -1 2 -1 #SUP: 104
2 -1 1 -1 0 -1 1 -1 3 -1 3 -1 #SUP: 112
2 -1 1 -1 0 -1 1 -1 3 -1 3 -1 3 -1 #SUP: 105
2 -1 1 -1 0 -1 1 -1 3 -1 13 -1 #SUP: 105
2 -1 1 -1 0 -1 1 -1 13 -1 #SUP: 117
2 -1 1 -1 0 -1 1 -1 13 -1 0 -1 #SUP: 101
2 -1 1 -1 0 -1 1 -1 13 -1 3 -1 #SUP: 104
2 -1 1 -1 0 -1 1 -1 13 -1 13 -1 #SUP: 106
2 -1 1 -1 0 -1 1 -1 18 -1 #SUP: 110
2 -1 1 -1 0 -1 1 -1 18 -1 3 -1 #SUP: 105
2 -1 1 -1 0 -1 1 -1 18 -1 13 -1 #SUP: 106
2 -1 1 -1 0 -1 1 -1 18 -1 13 -1 3 -1 #SUP: 101
2 -1 1 -1 0 -1 1 -1 21 -1 #SUP: 103
2 -1 1 -1 0 -1 2 -1 #SUP: 126
2 -1 1 -1 0 -1 2 -1 0 -1 #SUP: 110
2 -1 1 -1 0 -1 2 -1 0 -1 1 -1 #SUP: 105
2 -1 1 -1 0 -1 2 -1 0 -1 1 -1 1 -1 #SUP: 103
2 -1 1 -1 0 -1 2 -1 1 -1 #SUP: 120
2 -1 1 -1 0 -1 2 -1 1 -1 0 -1 #SUP: 105
2 -1 1 -1 0 -1 2 -1 1 -1 1 -1 #SUP: 118
2 -1 1 -1 0 -1 2 -1 1 -1 1 -1 0 -1 #SUP: 104
2 -1 1 -1 0 -1 2 -1 1 -1 1 -1 1 -1 #SUP: 101
2 -1 1 -1 0 -1 2 -1 1 -1 1 -1 2 -1 #SUP: 104
2 -1 1 -1 0 -1 2 -1 1 -1 1 -1 3 -1 #SUP: 110
2 -1 1 -1 0 -1 2 -1 1 -1 1 -1 13 -1 #SUP: 102
2 -1 1 -1 0 -1 2 -1 1 -1 1 -1 18 -1 #SUP: 102
2 -1 1 -1 0 -1 2 -1 1 -1 2 -1 #SUP: 105
2 -1 1 -1 0 -1 2 -1 1 -1 3 -1 #SUP: 112
2 -1 1 -1 0 -1 2 -1 1 -1 3 -1 3 -1 #SUP: 102
2 -1 1 -1 0 -1 2 -1 1 -1 13 -1 #SUP: 103
2 -1 1 -1 0 -1 2 -1 1 -1 18 -1 #SUP: 102
2 -1 1 -1 0 -1 2 -1 2 -1 #SUP: 116
2 -1 1 -1 0 -1 2 -1 2 -1 1 -1 #SUP: 108
2 -1 1 -1 0 -1 2 -1 2 -1 1 -1 1 -1 #SUP: 107
2 -1 1 -1 0 -1 2 -1 2 -1 1 -1 1 -1 3 -1 #SUP: 102
2 -1 1 -1 0 -1 2 -1 2 -1 1 -1 3 -1 #SUP: 103
2 -1 1 -1 0 -1 2 -1 2 -1 3 -1 #SUP: 105
2 -1 1 -1 0 -1 2 -1 3 -1 #SUP: 112
2 -1 1 -1 0 -1 2 -1 3 -1 3 -1 #SUP: 102
2 -1 1 -1 0 -1 2 -1 13 -1 #SUP: 104
2 -1 1 -1 0 -1 2 -1 18 -1 #SUP: 102
2 -1 1 -1 0 -1 3 -1 #SUP: 124
2 -1 1 -1 0 -1 3 -1 0 -1 #SUP: 103
2 -1 1 -1 0 -1 3 -1 2 -1 #SUP: 105
2 -1 1 -1 0 -1 3 -1 3 -1 #SUP: 112
2 -1 1 -1 0 -1 3 -1 3 -1 3 -1 #SUP: 105
2 -1 1 -1 0 -1 3 -1 13 -1 #SUP: 105
2 -1 1 -1 0 -1 4 -1 #SUP: 102
2 -1 1 -1 0 -1 13 -1 #SUP: 121
2 -1 1 -1 0 -1 13 -1 0 -1 #SUP: 103
2 -1 1 -1 0 -1 13 -1 2 -1 #SUP: 102
2 -1 1 -1 0 -1 13 -1 3 -1 #SUP: 105
2 -1 1 -1 0 -1 13 -1 13 -1 #SUP: 109
2 -1 1 -1 0 -1 18 -1 #SUP: 111
2 -1 1 -1 0 -1 18 -1 3 -1 #SUP: 105
2 -1 1 -1 0 -1 18 -1 13 -1 #SUP: 107
2 -1 1 -1 0 -1 18 -1 13 -1 3 -1 #SUP: 101
2 -1 1 -1 0 -1 21 -1 #SUP: 104
2 -1 1 -1 1 -1 #SUP: 180
2 -1 1 -1 1 -1 0 -1 #SUP: 143
2 -1 1 -1 1 -1 0 -1 0 -1 #SUP: 113
2 -1 1 -1 1 -1 0 -1 0 -1 1 -1 #SUP: 105
2 -1 1 -1 1 -1 0 -1 0 -1 1 -1 1 -1 #SUP: 104
2 -1 1 -1 1 -1 0 -1 1 -1 #SUP: 130
2 -1 1 -1 1 -1 0 -1 1 -1 0 -1 #SUP: 110
2 -1 1 -1 1 -1 0 -1 1 -1 0 -1 1 -1 #SUP: 102
2 -1 1 -1 1 -1 0 -1 1 -1 1 -1 #SUP: 128
2 -1 1 -1 1 -1 0 -1 1 -1 1 -1 0 -1 #SUP: 109
2 -1 1 -1 1 -1 0 -1 1 -1 1 -1 0 -1 1 -1 #SUP: 101
2 -1 1 -1 1 -1 0 -1 1 -1 1 -1 1 -1 #SUP: 110
2 -1 1 -1 1 -1 0 -1 1 -1 1 -1 1 -1 1 -1 #SUP: 103
2 -1 1 -1 1 -1 0 -1 1 -1 1 -1 1 -1 3 -1 #SUP: 102
2 -1 1 -1 1 -1 0 -1 1 -1 1 -1 2 -1 #SUP: 107
2 -1 1 -1 1 -1 0 -1 1 -1 1 -1 3 -1 #SUP: 119
2 -1 1 -1 1 -1 0 -1 1 -1 1 -1 3 -1 3 -1 #SUP: 108
2 -1 1 -1 1 -1 0 -1 1 -1 1 -1 3 -1 3 -1 3 -1 #SUP: 101
2 -1 1 -1 1 -1 0 -1 1 -1 1 -1 13 -1 #SUP: 112
2 -1 1 -1 1 -1 0 -1 1 -1 1 -1 13 -1 13 -1 #SUP: 103
2 -1 1 -1 1 -1 0 -1 1 -1 1 -1 18 -1 #SUP: 108
2 -1 1 -1 1 -1 0 -1 1 -1 1 -1 18 -1 3 -1 #SUP: 102
2 -1 1 -1 1 -1 0 -1 1 -1 1 -1 18 -1 13 -1 #SUP: 104
2 -1 1 -1 1 -1 0 -1 1 -1 1 -1 21 -1 #SUP: 101
2 -1 1 -1 1 -1 0 -1 1 -1 2 -1 #SUP: 111
2 -1 1 -1 1 -1 0 -1 1 -1 2 -1 1 -1 #SUP: 101
2 -1 1 -1 1 -1 0 -1 1 -1 3 -1 #SUP: 119
2 -1 1 -1 1 -1 0 -1 1 -1 3 -1 3 -1 #SUP: 108
2 -1 1 -1 1 -1 0 -1 1 -1 3 -1 3 -1 3 -1 #SUP: 101
2 -1 1 -1 1 -1 0 -1 1 -1 3 -1 13 -1 #SUP: 101
2 -1 1 -1 1 -1 0 -1 1 -1 13 -1 #SUP: 113
2 -1 1 -1 1 -1 0 -1 1 -1 13 -1 13 -1 #SUP: 103
2 -1 1 -1 1 -1 0 -1 1 -1 18 -1 #SUP: 108
2 -1 1 -1 1 -1 0 -1 1 -1 18 -1 3 -1 #SUP: 102
2 -1 1 -1 1 -1 0 -1 1 -1 18 -1 13 -1 #SUP: 104
2 -1 1 -1 1 -1 0 -1 1 -1 21 -1 #SUP: 102
2 -1 1 -1 1 -1 0 -1 2 -1 #SUP: 123
2 -1 1 -1 1 -1 0 -1 2 -1 0 -1 #SUP: 107
2 -1 1 -1 1 -1 0 -1 2 -1 0 -1 1 -1 #SUP: 102
2 -1 1 -1 1 -1 0 -1 2 -1 1 -1 #SUP: 118
2 -1 1 -1 1 -1 0 -1 2 -1 1 -1 0 -1 #SUP: 102
2 -1 1 -1 1 -1 0 -1 2 -1 1 -1 1 -1 #SUP: 117
2 -1 1 -1 1 -1 0 -1 2 -1 1 -1 1 -1 0 -1 #SUP: 102
2 -1 1 -1 1 -1 0 -1 2 -1 1 -1 1 -1 3 -1 #SUP: 109
2 -1 1 -1 1 -1 0 -1 2 -1 1 -1 1 -1 13 -1 #SUP: 101
2 -1 1 -1 1 -1 0 -1 2 -1 1 -1 1 -1 18 -1 #SUP: 101
2 -1 1 -1 1 -1 0 -1 2 -1 1 -1 2 -1 #SUP: 101
2 -1 1 -1 1 -1 0 -1 2 -1 1 -1 3 -1 #SUP: 109
2 -1 1 -1 1 -1 0 -1 2 -1 1 -1 13 -1 #SUP: 101
2 -1 1 -1 1 -1 0 -1 2 -1 1 -1 18 -1 #SUP: 101
2 -1 1 -1 1 -1 0 -1 2 -1 2 -1 #SUP: 113
2 -1 1 -1 1 -1 0 -1 2 -1 2 -1 1 -1 #SUP: 107
2 -1 1 -1 1 -1 0 -1 2 -1 2 -1 1 -1 1 -1 #SUP: 105
2 -1 1 -1 1 -1 0 -1 2 -1 2 -1 1 -1 1 -1 3 -1 #SUP: 101
2 -1 1 -1 1 -1 0 -1 2 -1 2 -1 1 -1 3 -1 #SUP: 102
2 -1 1 -1 1 -1 0 -1 2 -1 2 -1 3 -1 #SUP: 104
2 -1 1 -1 1 -1 0 -1 2 -1 3 -1 #SUP: 109
2 -1 1 -1 1 -1 0 -1 2 -1 13 -1 #SUP: 101
2 -1 1 -1 1 -1 0 -1 2 -1 18 -1 #SUP: 101
2 -1 1 -1 1 -1 0 -1 3 -1 #SUP: 121
2 -1 1 -1 1 -1 0 -1 3 -1 2 -1 #SUP: 101
2 -1 1 -1 1 -1 0 -1 3 -1 3 -1 #SUP: 108
2 -1 1 -1 1 -1 0 -1 3 -1 3 -1 3 -1 #SUP: 101
2 -1 1 -1 1 -1 0 -1 3 -1 13 -1 #SUP: 102
2 -1 1 -1 1 -1 0 -1 13 -1 #SUP: 117
2 -1 1 -1 1 -1 0 -1 13 -1 3 -1 #SUP: 101
2 -1 1 -1 1 -1 0 -1 13 -1 13 -1 #SUP: 106
2 -1 1 -1 1 -1 0 -1 18 -1 #SUP: 109
2 -1 1 -1 1 -1 0 -1 18 -1 3 -1 #SUP: 102
2 -1 1 -1 1 -1 0 -1 18 -1 13 -1 #SUP: 105
2 -1 1 -1 1 -1 0 -1 21 -1 #SUP: 103
2 -1 1 -1 1 -1 1 -1 #SUP: 146
2 -1 1 -1 1 -1 1 -1 0 -1 #SUP: 122
2 -1 1 -1 1 -1 1 -1 0 -1 0 -1 #SUP: 104
2 -1 1 -1 1 -1 1 -1 0 -1 1 -1 #SUP: 113
2 -1 1 -1 1 -1 1 -1 0 -1 1 -1 0 -1 #SUP: 102
2 -1 1 -1 1 -1 1 -1 0 -1 1 -1 1 -1 #SUP: 112
2 -1 1 -1 1 -1 1 -1 0 -1 1 -1 1 -1 0 -1 #SUP: 102
2 -1 1 -1 1 -1 1 -1 0 -1 1 -1 1 -1 3 -1 #SUP: 104
2 -1 1 -1 1 -1 1 -1 0 -1 1 -1 3 -1 #SUP: 104
2 -1 1 -1 1 -1 1 -1 0 -1 2 -1 #SUP: 111
2 -1 1 -1 1 -1 1 -1 0 -1 2 -1 1 -1 #SUP: 103
2 -1 1 -1 1 -1 1 -1 0 -1 2 -1 1 -1 1 -1 #SUP: 102
2 -1 1 -1 1 -1 1 -1 0 -1 3 -1 #SUP: 105
2 -1 1 -1 1 -1 1 -1 1 -1 #SUP: 136
2 -1 1 -1 1 -1 1 -1 1 -1 0 -1 #SUP: 117
2 -1 1 -1 1 -1 1 -1 1 -1 0 -1 0 -1 #SUP: 102
2 -1 1 -1 1 -1 1 -1 1 -1 0 -1 1 -1 #SUP: 111
2 -1 1 -1 1 -1 1 -1 1 -1 0 -1 1 -1 1 -1 #SUP: 110
2 -1 1 -1 1 -1 1 -1 1 -1 0 -1 1 -1 1 -1 3 -1 #SUP: 103
2 -1 1 -1 1 -1 1 -1 1 -1 0 -1 1 -1 3 -1 #SUP: 103
2 -1 1 -1 1 -1 1 -1 1 -1 0 -1 2 -1 #SUP: 106
2 -1 1 -1 1 -1 1 -1 1 -1 0 -1 3 -1 #SUP: 104
2 -1 1 -1 1 -1 1 -1 1 -1 1 -1 #SUP: 122
2 -1 1 -1 1 -1 1 -1 1 -1 1 -1 0 -1 #SUP: 107
2 -1 1 -1 1 -1 1 -1 1 -1 1 -1 1 -1 #SUP: 114
2 -1 1 -1 1 -1 1 -1 1 -1 1 -1 1 -1 0 -1 #SUP: 104
2 -1 1 -1 1 -1 1 -1 1 -1 1 -1 1 -1 1 -1 #SUP: 104
2 -1 1 -1 1 -1 1 -1 1 -1 1 -1 1 -1 2 -1 #SUP: 101
2 -1 1 -1 1 -1 1 -1 1 -1 1 -1 1 -1 3 -1 #SUP: 107
2 -1 1 -1 1 -1 1 -1 1 -1 1 -1 2 -1 #SUP: 106
2 -1 1 -1 1 -1 1 -1 1 -1 1 -1 3 -1 #SUP: 111
2 -1 1 -1 1 -1 1 -1 1 -1 1 -1 13 -1 #SUP: 101
2 -1 1 -1 1 -1 1 -1 1 -1 2 -1 #SUP: 119
2 -1 1 -1 1 -1 1 -1 1 -1 2 -1 0 -1 #SUP: 108
2 -1 1 -1 1 -1 1 -1 1 -1 2 -1 0 -1 1 -1 #SUP: 105
2 -1 1 -1 1 -1 1 -1 1 -1 2 -1 0 -1 1 -1 1 -1 #SUP: 104
2 -1 1 -1 1 -1 1 -1 1 -1 2 -1 1 -1 #SUP: 109
2 -1 1 -1 1 -1 1 -1 1 -1 2 -1 1 -1 1 -1 #SUP: 108
2 -1 1 -1 1 -1 1 -1 1 -1 2 -1 1 -1 1 -1 3 -1 #SUP: 102
2 -1 1 -1 1 -1 1 -1 1 -1 2 -1 1 -1 3 -1 #SUP: 102
2 -1 1 -1 1 -1 1 -1 1 -1 2 -1 2 -1 #SUP: 104
2 -1 1 -1 1 -1 1 -1 1 -1 2 -1 3 -1 #SUP: 104
2 -1 1 -1 1 -1 1 -1 1 -1 3 -1 #SUP: 123
2 -1 1 -1 1 -1 1 -1 1 -1 3 -1 0 -1 #SUP: 104
2 -1 1 -1 1 -1 1 -1 1 -1 3 -1 2 -1 #SUP: 103
2 -1 1 -1 1 -1 1 -1 1 -1 3 -1 3 -1 #SUP: 111
2 -1 1 -1 1 -1 1 -1 1 -1 3 -1 3 -1 3 -1 #SUP: 103
2 -1 1 -1 1 -1 1 -1 1 -1 3 -1 13 -1 #SUP: 106
2 -1 1 -1 1 -1 1 -1 1 -1 13 -1 #SUP: 121
2 -1 1 -1 1 -1 1 -1 1 -1 13 -1 2 -1 #SUP: 101
2 -1 1 -1 1 -1 1 -1 1 -1 13 -1 3 -1 #SUP: 106
2 -1 1 -1 1 -1 1 -1 1 -1 13 -1 13 -1 #SUP: 108
2 -1 1 -1 1 -1 1 -1 1 -1 18 -1 #SUP: 111
2 -1 1 -1 1 -1 1 -1 1 -1 18 -1 3 -1 #SUP: 106
2 -1 1 -1 1 -1 1 -1 1 -1 18 -1 3 -1 3 -1 #SUP: 101
2 -1 1 -1 1 -1 1 -1 1 -1 18 -1 13 -1 #SUP: 107
2 -1 1 -1 1 -1 1 -1 1 -1 18 -1 13 -1 3 -1 #SUP: 102
2 -1 1 -1 1 -1 1 -1 1 -1 21 -1 #SUP: 105
2 -1 1 -1 1 -1 1 -1 1 -1 21 -1 3 -1 #SUP: 101
2 -1 1 -1 1 -1 1 -1 2 -1 #SUP: 123
2 -1 1 -1 1 -1 1 -1 2 -1 0 -1 #SUP: 109
2 -1 1 -1 1 -1 1 -1 2 -1 0 -1 1 -1 #SUP: 107
2 -1 1 -1 1 -1 1 -1 2 -1 0 -1 1 -1 1 -1 #SUP: 106
2 -1 1 -1 1 -1 1 -1 2 -1 0 -1 1 -1 1 -1 3 -1 #SUP: 101
2 -1 1 -1 1 -1 1 -1 2 -1 0 -1 1 -1 3 -1 #SUP: 101
2 -1 1 -1 1 -1 1 -1 2 -1 0 -1 2 -1 #SUP: 102
2 -1 1 -1 1 -1 1 -1 2 -1 0 -1 3 -1 #SUP: 101
2 -1 1 -1 1 -1 1 -1 2 -1 1 -1 #SUP: 111
2 -1 1 -1 1 -1 1 -1 2 -1 1 -1 1 -1 #SUP: 110
2 -1 1 -1 1 -1 1 -1 2 -1 1 -1 1 -1 3 -1 #SUP: 103
2 -1 1 -1 1 -1 1 -1 2 -1 1 -1 3 -1 #SUP: 103
2 -1 1 -1 1 -1 1 -1 2 -1 2 -1 #SUP: 108
2 -1 1 -1 1 -1 1 -1 2 -1 2 -1 1 -1 #SUP: 102
2 -1 1 -1 1 -1 1 -1 2 -1 2 -1 1 -1 1 -1 #SUP: 101
2 -1 1 -1 1 -1 1 -1 2 -1 3 -1 #SUP: 105
2 -1 1 -1 1 -1 1 -1 3 -1 #SUP: 131
2 -1 1 -1 1 -1 1 -1 3 -1 0 -1 #SUP: 108
2 -1 1 -1 1 -1 1 -1 3 -1 1 -1 #SUP: 105
2 -1 1 -1 1 -1 1 -1 3 -1 1 -1 1 -1 #SUP: 104
2 -1 1 -1 1 -1 1 -1 3 -1 2 -1 #SUP: 109
2 -1 1 -1 1 -1 1 -1 3 -1 3 -1 #SUP: 117
2 -1 1 -1 1 -1 1 -1 3 -1 3 -1 0 -1 #SUP: 101
2 -1 1 -1 1 -1 1 -1 3 -1 3 -1 3 -1 #SUP: 108
2 -1 1 -1 1 -1 1 -1 3 -1 3 -1 3 -1 3 -1 #SUP: 102
2 -1 1 -1 1 -1 1 -1 3 -1 13 -1 #SUP: 110
2 -1 1 -1 1 -1 1 -1 3 -1 13 -1 3 -1 #SUP: 102
2 -1 1 -1 1 -1 1 -1 4 -1 #SUP: 109
2 -1 1 -1 1 -1 1 -1 6 -1 #SUP: 101
2 -1 1 -1 1 -1 1 -1 13 -1 #SUP: 125
2 -1 1 -1 1 -1 1 -1 13 -1 0 -1 #SUP: 105
2 -1 1 -1 1 -1 1 -1 13 -1 1 -1 #SUP: 103
2 -1 1 -1 1 -1 1 -1 13 -1 2 -1 #SUP: 106
2 -1 1 -1 1 -1 1 -1 13 -1 3 -1 #SUP: 110
2 -1 1 -1 1 -1 1 -1 13 -1 3 -1 3 -1 #SUP: 102
2 -1 1 -1 1 -1 1 -1 13 -1 13 -1 #SUP: 112
2 -1 1 -1 1 -1 1 -1 13 -1 13 -1 13 -1 #SUP: 104
2 -1 1 -1 1 -1 1 -1 18 -1 #SUP: 113
2 -1 1 -1 1 -1 1 -1 18 -1 3 -1 #SUP: 107
2 -1 1 -1 1 -1 1 -1 18 -1 3 -1 3 -1 #SUP: 102
2 -1 1 -1 1 -1 1 -1 18 -1 13 -1 #SUP: 109
2 -1 1 -1 1 -1 1 -1 18 -1 13 -1 3 -1 #SUP: 103
2 -1 1 -1 1 -1 1 -1 18 -1 13 -1 13 -1 #SUP: 101
2 -1 1 -1 1 -1 1 -1 21 -1 #SUP: 107
2 -1 1 -1 1 -1 1 -1 21 -1 3 -1 #SUP: 102
2 -1 1 -1 1 -1 2 -1 #SUP: 152
2 -1 1 -1 1 -1 2 -1 0 -1 #SUP: 125
2 -1 1 -1 1 -1 2 -1 0 -1 0 -1 #SUP: 105
2 -1 1 -1 1 -1 2 -1 0 -1 1 -1 #SUP: 122
2 -1 1 -1 1 -1 2 -1 0 -1 1 -1 0 -1 #SUP: 103
2 -1 1 -1 1 -1 2 -1 0 -1 1 -1 1 -1 #SUP: 120
2 -1 1 -1 1 -1 2 -1 0 -1 1 -1 1 -1 0 -1 #SUP: 103
2 -1 1 -1 1 -1 2 -1 0 -1 1 -1 1 -1 2 -1 #SUP: 102
2 -1 1 -1 1 -1 2 -1 0 -1 1 -1 1 -1 3 -1 #SUP: 113
2 -1 1 -1 1 -1 2 -1 0 -1 1 -1 1 -1 3 -1 3 -1 #SUP: 103
2 -1 1 -1 1 -1 2 -1 0 -1 1 -1 1 -1 13 -1 #SUP: 103
2 -1 1 -1 1 -1 2 -1 0 -1 1 -1 1 -1 18 -1 #SUP: 101
2 -1 1 -1 1 -1 2 -1 0 -1 1 -1 2 -1 #SUP: 104
2 -1 1 -1 1 -1 2 -1 0 -1 1 -1 3 -1 #SUP: 113
2 -1 1 -1 1 -1 2 -1 0 -1 1 -1 3 -1 3 -1 #SUP: 103
2 -1 1 -1 1 -1 2 -1 0 -1 1 -1 13 -1 #SUP: 104
2 -1 1 -1 1 -1 2 -1 0 -1 1 -1 18 -1 #SUP: 102
2 -1 1 -1 1 -1 2 -1 0 -1 2 -1 #SUP: 114
2 -1 1 -1 1 -1 2 -1 0 -1 2 -1 1 -1 #SUP: 109
2 -1 1 -1 1 -1 2 -1 0 -1 2 -1 1 -1 1 -1 #SUP: 108
2 -1 1 -1 1 -1 2 -1 0 -1 2 -1 1 -1 1 -1 3 -1 #SUP: 103
2 -1 1 -1 1 -1 2 -1 0 -1 2 -1 1 -1 3 -1 #SUP: 103
2 -1 1 -1 1 -1 2 -1 0 -1 2 -1 2 -1 #SUP: 104
2 -1 1 -1 1 -1 2 -1 0 -1 2 -1 3 -1 #SUP: 104
2 -1 1 -1 1 -1 2 -1 0 -1 3 -1 #SUP: 114
2 -1 1 -1 1 -1 2 -1 0 -1 3 -1 3 -1 #SUP: 103
2 -1 1 -1 1 -1 2 -1 0 -1 13 -1 #SUP: 105
2 -1 1 -1 1 -1 2 -1 0 -1 18 -1 #SUP: 102
2 -1 1 -1 1 -1 2 -1 1 -1 #SUP: 128
2 -1 1 -1 1 -1 2 -1 1 -1 0 -1 #SUP: 108
2 -1 1 -1 1 -1 2 -1 1 -1 1 -1 #SUP: 125
2 -1 1 -1 1 -1 2 -1 1 -1 1 -1 0 -1 #SUP: 107
2 -1 1 -1 1 -1 2 -1 1 -1 1 -1 1 -1 #SUP: 105
2 -1 1 -1 1 -1 2 -1 1 -1 1 -1 1 -1 1 -1 #SUP: 101
2 -1 1 -1 1 -1 2 -1 1 -1 1 -1 2 -1 #SUP: 105
2 -1 1 -1 1 -1 2 -1 1 -1 1 -1 3 -1 #SUP: 116
2 -1 1 -1 1 -1 2 -1 1 -1 1 -1 3 -1 3 -1 #SUP: 106
2 -1 1 -1 1 -1 2 -1 1 -1 1 -1 13 -1 #SUP: 110
2 -1 1 -1 1 -1 2 -1 1 -1 1 -1 13 -1 13 -1 #SUP: 102
2 -1 1 -1 1 -1 2 -1 1 -1 1 -1 18 -1 #SUP: 107
2 -1 1 -1 1 -1 2 -1 1 -1 1 -1 18 -1 3 -1 #SUP: 101
2 -1 1 -1 1 -1 2 -1 1 -1 1 -1 18 -1 13 -1 #SUP: 103
2 -1 1 -1 1 -1 2 -1 1 -1 2 -1 #SUP: 107
2 -1 1 -1 1 -1 2 -1 1 -1 3 -1 #SUP: 117
2 -1 1 -1 1 -1 2 -1 1 -1 3 -1 3 -1 #SUP: 107
2 -1 1 -1 1 -1 2 -1 1 -1 3 -1 13 -1 #SUP: 101
2 -1 1 -1 1 -1 2 -1 1 -1 13 -1 #SUP: 111
2 -1 1 -1 1 -1 2 -1 1 -1 13 -1 13 -1 #SUP: 102
2 -1 1 -1 1 -1 2 -1 1 -1 18 -1 #SUP: 107
2 -1 1 -1 1 -1 2 -1 1 -1 18 -1 3 -1 #SUP: 101
2 -1 1 -1 1 -1 2 -1 1 -1 18 -1 13 -1 #SUP: 103
2 -1 1 -1 1 -1 2 -1 2 -1 #SUP: 122
2 -1 1 -1 1 -1 2 -1 2 -1 0 -1 #SUP: 105
2 -1 1 -1 1 -1 2 -1 2 -1 1 -1 #SUP: 116
2 -1 1 -1 1 -1 2 -1 2 -1 1 -1 1 -1 #SUP: 115
2 -1 1 -1 1 -1 2 -1 2 -1 1 -1 1 -1 3 -1 #SUP: 109
2 -1 1 -1 1 -1 2 -1 2 -1 1 -1 1 -1 13 -1 #SUP: 101
2 -1 1 -1 1 -1 2 -1 2 -1 1 -1 1 -1 18 -1 #SUP: 101
2 -1 1 -1 1 -1 2 -1 2 -1 1 -1 3 -1 #SUP: 109
2 -1 1 -1 1 -1 2 -1 2 -1 1 -1 13 -1 #SUP: 101
2 -1 1 -1 1 -1 2 -1 2 -1 1 -1 18 -1 #SUP: 101
2 -1 1 -1 1 -1 2 -1 2 -1 2 -1 #SUP: 111
2 -1 1 -1 1 -1 2 -1 2 -1 2 -1 1 -1 #SUP: 103
2 -1 1 -1 1 -1 2 -1 2 -1 2 -1 1 -1 1 -1 #SUP: 103
2 -1 1 -1 1 -1 2 -1 2 -1 3 -1 #SUP: 111
2 -1 1 -1 1 -1 2 -1 2 -1 13 -1 #SUP: 101
2 -1 1 -1 1 -1 2 -1 2 -1 18 -1 #SUP: 101
2 -1 1 -1 1 -1 2 -1 3 -1 #SUP: 118
2 -1 1 -1 1 -1 2 -1 3 -1 3 -1 #SUP: 107
2 -1 1 -1 1 -1 2 -1 3 -1 3 -1 3 -1 #SUP: 101
2 -1 1 -1 1 -1 2 -1 3 -1 13 -1 #SUP: 101
2 -1 1 -1 1 -1 2 -1 13 -1 #SUP: 112
2 -1 1 -1 1 -1 2 -1 13 -1 13 -1 #SUP: 103
2 -1 1 -1 1 -1 2 -1 18 -1 #SUP: 107
2 -1 1 -1 1 -1 2 -1 18 -1 3 -1 #SUP: 101
2 -1 1 -1 1 -1 2 -1 18 -1 13 -1 #SUP: 103
2 -1 1 -1 1 -1 3 -1 #SUP: 151
2 -1 1 -1 1 -1 3 -1 0 -1 #SUP: 124
2 -1 1 -1 1 -1 3 -1 0 -1 0 -1 #SUP: 102
2 -1 1 -1 1 -1 3 -1 0 -1 1 -1 #SUP: 112
2 -1 1 -1 1 -1 3 -1 0 -1 1 -1 1 -1 #SUP: 111
2 -1 1 -1 1 -1 3 -1 0 -1 1 -1 1 -1 3 -1 #SUP: 106
2 -1 1 -1 1 -1 3 -1 0 -1 1 -1 3 -1 #SUP: 106
2 -1 1 -1 1 -1 3 -1 0 -1 2 -1 #SUP: 109
2 -1 1 -1 1 -1 3 -1 0 -1 2 -1 1 -1 #SUP: 107
2 -1 1 -1 1 -1 3 -1 0 -1 2 -1 1 -1 1 -1 #SUP: 107
2 -1 1 -1 1 -1 3 -1 0 -1 2 -1 1 -1 1 -1 3 -1 #SUP: 101
2 -1 1 -1 1 -1 3 -1 0 -1 2 -1 1 -1 3 -1 #SUP: 101
2 -1 1 -1 1 -1 3 -1 0 -1 2 -1 3 -1 #SUP: 101
2 -1 1 -1 1 -1 3 -1 0 -1 3 -1 #SUP: 107
2 -1 1 -1 1 -1 3 -1 1 -1 #SUP: 124
2 -1 1 -1 1 -1 3 -1 1 -1 0 -1 #SUP: 107
2 -1 1 -1 1 -1 3 -1 1 -1 1 -1 #SUP: 117
2 -1 1 -1 1 -1 3 -1 1 -1 1 -1 0 -1 #SUP: 102
2 -1 1 -1 1 -1 3 -1 1 -1 1 -1 1 -1 #SUP: 105
2 -1 1 -1 1 -1 3 -1 1 -1 1 -1 2 -1 #SUP: 104
2 -1 1 -1 1 -1 3 -1 1 -1 1 -1 3 -1 #SUP: 111
2 -1 1 -1 1 -1 3 -1 1 -1 1 -1 3 -1 3 -1 #SUP: 101
2 -1 1 -1 1 -1 3 -1 1 -1 1 -1 13 -1 #SUP: 103
2 -1 1 -1 1 -1 3 -1 1 -1 2 -1 #SUP: 106
2 -1 1 -1 1 -1 3 -1 1 -1 3 -1 #SUP: 118
2 -1 1 -1 1 -1 3 -1 1 -1 3 -1 3 -1 #SUP: 104
2 -1 1 -1 1 -1 3 -1 1 -1 13 -1 #SUP: 106
2 -1 1 -1 1 -1 3 -1 2 -1 #SUP: 126
2 -1 1 -1 1 -1 3 -1 2 -1 0 -1 #SUP: 108
2 -1 1 -1 1 -1 3 -1 2 -1 0 -1 1 -1 #SUP: 104
2 -1 1 -1 1 -1 3 -1 2 -1 0 -1 1 -1 1 -1 #SUP: 104
2 -1 1 -1 1 -1 3 -1 2 -1 0 -1 1 -1 1 -1 3 -1 #SUP: 101
2 -1 1 -1 1 -1 3 -1 2 -1 0 -1 1 -1 3 -1 #SUP: 101
2 -1 1 -1 1 -1 3 -1 2 -1 0 -1 2 -1 #SUP: 101
2 -1 1 -1 1 -1 3 -1 2 -1 0 -1 3 -1 #SUP: 102
2 -1 1 -1 1 -1 3 -1 2 -1 1 -1 #SUP: 110
2 -1 1 -1 1 -1 3 -1 2 -1 1 -1 1 -1 #SUP: 110
2 -1 1 -1 1 -1 3 -1 2 -1 1 -1 1 -1 3 -1 #SUP: 105
2 -1 1 -1 1 -1 3 -1 2 -1 1 -1 3 -1 #SUP: 105
2 -1 1 -1 1 -1 3 -1 2 -1 2 -1 #SUP: 105
2 -1 1 -1 1 -1 3 -1 2 -1 2 -1 1 -1 #SUP: 101
2 -1 1 -1 1 -1 3 -1 2 -1 2 -1 1 -1 1 -1 #SUP: 101
2 -1 1 -1 1 -1 3 -1 2 -1 3 -1 #SUP: 105
2 -1 1 -1 1 -1 3 -1 3 -1 #SUP: 137
2 -1 1 -1 1 -1 3 -1 3 -1 0 -1 #SUP: 111
2 -1 1 -1 1 -1 3 -1 3 -1 1 -1 #SUP: 109
2 -1 1 -1 1 -1 3 -1 3 -1 1 -1 0 -1 #SUP: 101
2 -1 1 -1 1 -1 3 -1 3 -1 1 -1 1 -1 #SUP: 104
2 -1 1 -1 1 -1 3 -1 3 -1 1 -1 3 -1 #SUP: 105
2 -1 1 -1 1 -1 3 -1 3 -1 2 -1 #SUP: 113
2 -1 1 -1 1 -1 3 -1 3 -1 3 -1 #SUP: 125
2 -1 1 -1 1 -1 3 -1 3 -1 3 -1 0 -1 #SUP: 106
2 -1 1 -1 1 -1 3 -1 3 -1 3 -1 1 -1 #SUP: 105
2 -1 1 -1 1 -1 3 -1 3 -1 3 -1 1 -1 1 -1 #SUP: 101
2 -1 1 -1 1 -1 3 -1 3 -1 3 -1 1 -1 3 -1 #SUP: 102
2 -1 1 -1 1 -1 3 -1 3 -1 3 -1 2 -1 #SUP: 107
2 -1 1 -1 1 -1 3 -1 3 -1 3 -1 3 -1 #SUP: 119
2 -1 1 -1 1 -1 3 -1 3 -1 3 -1 3 -1 0 -1 #SUP: 102
2 -1 1 -1 1 -1 3 -1 3 -1 3 -1 3 -1 2 -1 #SUP: 102
2 -1 1 -1 1 -1 3 -1 3 -1 3 -1 3 -1 3 -1 #SUP: 115
2 -1 1 -1 1 -1 3 -1 3 -1 3 -1 3 -1 3 -1 0 -1 #SUP: 101
2 -1 1 -1 1 -1 3 -1 3 -1 3 -1 3 -1 3 -1 3 -1 #SUP: 107
2 -1 1 -1 1 -1 3 -1 3 -1 3 -1 13 -1 #SUP: 104
2 -1 1 -1 1 -1 3 -1 3 -1 4 -1 #SUP: 110
2 -1 1 -1 1 -1 3 -1 3 -1 4 -1 3 -1 #SUP: 103
2 -1 1 -1 1 -1 3 -1 3 -1 6 -1 #SUP: 101
2 -1 1 -1 1 -1 3 -1 3 -1 13 -1 #SUP: 110
2 -1 1 -1 1 -1 3 -1 3 -1 13 -1 3 -1 #SUP: 102
2 -1 1 -1 1 -1 3 -1 3 -1 18 -1 #SUP: 103
2 -1 1 -1 1 -1 3 -1 3 -1 21 -1 #SUP: 101
2 -1 1 -1 1 -1 3 -1 4 -1 #SUP: 121
2 -1 1 -1 1 -1 3 -1 4 -1 0 -1 #SUP: 103
2 -1 1 -1 1 -1 3 -1 4 -1 1 -1 #SUP: 102
2 -1 1 -1 1 -1 3 -1 4 -1 2 -1 #SUP: 106
2 -1 1 -1 1 -1 3 -1 4 -1 3 -1 #SUP: 112
2 -1 1 -1 1 -1 3 -1 4 -1 4 -1 #SUP: 101
2 -1 1 -1 1 -1 3 -1 6 -1 #SUP: 105
2 -1 1 -1 1 -1 3 -1 6 -1 3 -1 #SUP: 103
2 -1 1 -1 1 -1 3 -1 10 -1 #SUP: 103
2 -1 1 -1 1 -1 3 -1 11 -1 #SUP: 104
2 -1 1 -1 1 -1 3 -1 13 -1 #SUP: 124
2 -1 1 -1 1 -1 3 -1 13 -1 0 -1 #SUP: 106
2 -1 1 -1 1 -1 3 -1 13 -1 1 -1 #SUP: 105
2 -1 1 -1 1 -1 3 -1 13 -1 1 -1 1 -1 #SUP: 101
2 -1 1 -1 1 -1 3 -1 13 -1 1 -1 3 -1 #SUP: 101
2 -1 1 -1 1 -1 3 -1 13 -1 2 -1 #SUP: 105
2 -1 1 -1 1 -1 3 -1 13 -1 3 -1 #SUP: 116
2 -1 1 -1 1 -1 3 -1 13 -1 3 -1 3 -1 #SUP: 105
2 -1 1 -1 1 -1 3 -1 13 -1 13 -1 #SUP: 109
2 -1 1 -1 1 -1 3 -1 13 -1 13 -1 3 -1 #SUP: 101
2 -1 1 -1 1 -1 3 -1 13 -1 13 -1 13 -1 #SUP: 104
2 -1 1 -1 1 -1 3 -1 18 -1 #SUP: 112
2 -1 1 -1 1 -1 3 -1 18 -1 0 -1 #SUP: 103
2 -1 1 -1 1 -1 3 -1 18 -1 3 -1 #SUP: 105
2 -1 1 -1 1 -1 3 -1 18 -1 13 -1 #SUP: 108
2 -1 1 -1 1 -1 3 -1 18 -1 13 -1 3 -1 #SUP: 102
2 -1 1 -1 1 -1 3 -1 21 -1 #SUP: 109
2 -1 1 -1 1 -1 3 -1 21 -1 3 -1 #SUP: 104
2 -1 1 -1 1 -1 4 -1 #SUP: 129
2 -1 1 -1 1 -1 4 -1 0 -1 #SUP: 106
2 -1 1 -1 1 -1 4 -1 1 -1 #SUP: 105
2 -1 1 -1 1 -1 4 -1 1 -1 1 -1 #SUP: 102
2 -1 1 -1 1 -1 4 -1 2 -1 #SUP: 111
2 -1 1 -1 1 -1 4 -1 3 -1 #SUP: 118
2 -1 1 -1 1 -1 4 -1 3 -1 0 -1 #SUP: 102
2 -1 1 -1 1 -1 4 -1 3 -1 2 -1 #SUP: 103
2 -1 1 -1 1 -1 4 -1 3 -1 3 -1 #SUP: 107
2 -1 1 -1 1 -1 4 -1 4 -1 #SUP: 112
2 -1 1 -1 1 -1 4 -1 4 -1 3 -1 #SUP: 101
2 -1 1 -1 1 -1 6 -1 #SUP: 118
2 -1 1 -1 1 -1 6 -1 2 -1 #SUP: 102
2 -1 1 -1 1 -1 6 -1 3 -1 #SUP: 115
2 -1 1 -1 1 -1 6 -1 3 -1 2 -1 #SUP: 101
2 -1 1 -1 1 -1 6 -1 3 -1 3 -1 #SUP: 108
2 -1 1 -1 1 -1 6 -1 3 -1 3 -1 3 -1 #SUP: 101
2 -1 1 -1 1 -1 6 -1 13 -1 #SUP: 102
2 -1 1 -1 1 -1 6 -1 21 -1 #SUP: 110
2 -1 1 -1 1 -1 6 -1 21 -1 3 -1 #SUP: 106
2 -1 1 -1 1 -1 8 -1 #SUP: 105
2 -1 1 -1 1 -1 8 -1 3 -1 #SUP: 105
2 -1 1 -1 1 -1 10 -1 #SUP: 112
2 -1 1 -1 1 -1 10 -1 3 -1 #SUP: 108
2 -1 1 -1 1 -1 10 -1 11 -1 #SUP: 108
2 -1 1 -1 1 -1 10 -1 11 -1 3 -1 #SUP: 101
2 -1 1 -1 1 -1 11 -1 #SUP: 108
2 -1 1 -1 1 -1 11 -1 3 -1 #SUP: 101
2 -1 1 -1 1 -1 12 -1 #SUP: 103
2 -1 1 -1 1 -1 13 -1 #SUP: 152
2 -1 1 -1 1 -1 13 -1 0 -1 #SUP: 116
2 -1 1 -1 1 -1 13 -1 0 -1 1 -1 #SUP: 106
2 -1 1 -1 1 -1 13 -1 0 -1 1 -1 1 -1 #SUP: 104
2 -1 1 -1 1 -1 13 -1 0 -1 2 -1 #SUP: 103
2 -1 1 -1 1 -1 13 -1 1 -1 #SUP: 117
2 -1 1 -1 1 -1 13 -1 1 -1 1 -1 #SUP: 109
2 -1 1 -1 1 -1 13 -1 1 -1 1 -1 1 -1 #SUP: 101
2 -1 1 -1 1 -1 13 -1 1 -1 1 -1 3 -1 #SUP: 101
2 -1 1 -1 1 -1 13 -1 1 -1 2 -1 #SUP: 103
2 -1 1 -1 1 -1 13 -1 1 -1 3 -1 #SUP: 109
2 -1 1 -1 1 -1 13 -1 1 -1 13 -1 #SUP: 101
2 -1 1 -1 1 -1 13 -1 2 -1 #SUP: 124
2 -1 1 -1 1 -1 13 -1 2 -1 0 -1 #SUP: 103
2 -1 1 -1 1 -1 13 -1 2 -1 1 -1 #SUP: 105
2 -1 1 -1 1 -1 13 -1 2 -1 1 -1 1 -1 #SUP: 103
2 -1 1 -1 1 -1 13 -1 3 -1 #SUP: 128
2 -1 1 -1 1 -1 13 -1 3 -1 1 -1 #SUP: 103
2 -1 1 -1 1 -1 13 -1 3 -1 2 -1 #SUP: 108
2 -1 1 -1 1 -1 13 -1 3 -1 3 -1 #SUP: 113
2 -1 1 -1 1 -1 13 -1 3 -1 3 -1 3 -1 #SUP: 104
2 -1 1 -1 1 -1 13 -1 4 -1 #SUP: 103
2 -1 1 -1 1 -1 13 -1 13 -1 #SUP: 127
2 -1 1 -1 1 -1 13 -1 13 -1 0 -1 #SUP: 105
2 -1 1 -1 1 -1 13 -1 13 -1 1 -1 #SUP: 103
2 -1 1 -1 1 -1 13 -1 13 -1 2 -1 #SUP: 109
2 -1 1 -1 1 -1 13 -1 13 -1 3 -1 #SUP: 109
2 -1 1 -1 1 -1 13 -1 13 -1 13 -1 #SUP: 117
2 -1 1 -1 1 -1 13 -1 13 -1 13 -1 2 -1 #SUP: 101
2 -1 1 -1 1 -1 13 -1 13 -1 13 -1 3 -1 #SUP: 104
2 -1 1 -1 1 -1 13 -1 13 -1 13 -1 13 -1 #SUP: 108
2 -1 1 -1 1 -1 13 -1 13 -1 13 -1 13 -1 13 -1 #SUP: 104
2 -1 1 -1 1 -1 13 -1 16 -1 #SUP: 109
2 -1 1 -1 1 -1 13 -1 16 -1 3 -1 #SUP: 101
2 -1 1 -1 1 -1 13 -1 21 -1 #SUP: 101
2 -1 1 -1 1 -1 16 -1 #SUP: 123
2 -1 1 -1 1 -1 16 -1 0 -1 #SUP: 107
2 -1 1 -1 1 -1 16 -1 1 -1 #SUP: 108
2 -1 1 -1 1 -1 16 -1 1 -1 1 -1 #SUP: 103
2 -1 1 -1 1 -1 16 -1 1 -1 3 -1 #SUP: 102
2 -1 1 -1 1 -1 16 -1 2 -1 #SUP: 108
2 -1 1 -1 1 -1 16 -1 3 -1 #SUP: 113
2 -1 1 -1 1 -1 16 -1 3 -1 3 -1 #SUP: 103
2 -1 1 -1 1 -1 16 -1 13 -1 #SUP: 108
2 -1 1 -1 1 -1 16 -1 13 -1 16 -1 #SUP: 103
2 -1 1 -1 1 -1 16 -1 16 -1 #SUP: 107
2 -1 1 -1 1 -1 16 -1 18 -1 #SUP: 105
2 -1 1 -1 1 -1 16 -1 18 -1 13 -1 #SUP: 102
2 -1 1 -1 1 -1 18 -1 #SUP: 137
2 -1 1 -1 1 -1 18 -1 0 -1 #SUP: 112
2 -1 1 -1 1 -1 18 -1 0 -1 1 -1 #SUP: 103
2 -1 1 -1 1 -1 18 -1 0 -1 1 -1 1 -1 #SUP: 101
2 -1 1 -1 1 -1 18 -1 0 -1 2 -1 #SUP: 101
2 -1 1 -1 1 -1 18 -1 1 -1 #SUP: 114
2 -1 1 -1 1 -1 18 -1 1 -1 1 -1 #SUP: 106
2 -1 1 -1 1 -1 18 -1 1 -1 1 -1 3 -1 #SUP: 102
2 -1 1 -1 1 -1 18 -1 1 -1 2 -1 #SUP: 101
2 -1 1 -1 1 -1 18 -1 1 -1 3 -1 #SUP: 108
2 -1 1 -1 1 -1 18 -1 2 -1 #SUP: 116
2 -1 1 -1 1 -1 18 -1 2 -1 1 -1 #SUP: 102
2 -1 1 -1 1 -1 18 -1 2 -1 1 -1 1 -1 #SUP: 101
2 -1 1 -1 1 -1 18 -1 3 -1 #SUP: 126
2 -1 1 -1 1 -1 18 -1 3 -1 0 -1 #SUP: 101
2 -1 1 -1 1 -1 18 -1 3 -1 1 -1 #SUP: 104
2 -1 1 -1 1 -1 18 -1 3 -1 1 -1 1 -1 #SUP: 101
2 -1 1 -1 1 -1 18 -1 3 -1 1 -1 3 -1 #SUP: 102
2 -1 1 -1 1 -1 18 -1 3 -1 2 -1 #SUP: 109
2 -1 1 -1 1 -1 18 -1 3 -1 3 -1 #SUP: 115
2 -1 1 -1 1 -1 18 -1 3 -1 3 -1 3 -1 #SUP: 106
2 -1 1 -1 1 -1 18 -1 3 -1 13 -1 #SUP: 104
2 -1 1 -1 1 -1 18 -1 4 -1 #SUP: 105
2 -1 1 -1 1 -1 18 -1 6 -1 #SUP: 107
2 -1 1 -1 1 -1 18 -1 6 -1 3 -1 #SUP: 101
2 -1 1 -1 1 -1 18 -1 10 -1 #SUP: 101
2 -1 1 -1 1 -1 18 -1 13 -1 #SUP: 132
2 -1 1 -1 1 -1 18 -1 13 -1 0 -1 #SUP: 104
2 -1 1 -1 1 -1 18 -1 13 -1 1 -1 #SUP: 110
2 -1 1 -1 1 -1 18 -1 13 -1 1 -1 1 -1 #SUP: 101
2 -1 1 -1 1 -1 18 -1 13 -1 1 -1 3 -1 #SUP: 104
2 -1 1 -1 1 -1 18 -1 13 -1 2 -1 #SUP: 112
2 -1 1 -1 1 -1 18 -1 13 -1 3 -1 #SUP: 122
2 -1 1 -1 1 -1 18 -1 13 -1 3 -1 2 -1 #SUP: 104
2 -1 1 -1 1 -1 18 -1 13 -1 3 -1 3 -1 #SUP: 110
2 -1 1 -1 1 -1 18 -1 13 -1 3 -1 3 -1 3 -1 #SUP: 102
2 -1 1 -1 1 -1 18 -1 13 -1 13 -1 #SUP: 114
2 -1 1 -1 1 -1 18 -1 13 -1 13 -1 3 -1 #SUP: 104
2 -1 1 -1 1 -1 18 -1 13 -1 13 -1 13 -1 #SUP: 106
2 -1 1 -1 1 -1 18 -1 21 -1 #SUP: 112
2 -1 1 -1 1 -1 18 -1 21 -1 2 -1 #SUP: 101
2 -1 1 -1 1 -1 18 -1 21 -1 3 -1 #SUP: 108
2 -1 1 -1 1 -1 18 -1 21 -1 13 -1 #SUP: 103
2 -1 1 -1 1 -1 21 -1 #SUP: 122
2 -1 1 -1 1 -1 21 -1 1 -1 #SUP: 102
2 -1 1 -1 1 -1 21 -1 1 -1 3 -1 #SUP: 101
2 -1 1 -1 1 -1 21 -1 2 -1 #SUP: 109
2 -1 1 -1 1 -1 21 -1 3 -1 #SUP: 117
2 -1 1 -1 1 -1 21 -1 3 -1 2 -1 #SUP: 105
2 -1 1 -1 1 -1 21 -1 3 -1 3 -1 #SUP: 108
2 -1 1 -1 1 -1 21 -1 3 -1 3 -1 3 -1 #SUP: 102
2 -1 1 -1 1 -1 21 -1 13 -1 #SUP: 109
2 -1 1 -1 1 -1 21 -1 13 -1 3 -1 #SUP: 105
2 -1 1 -1 2 -1 #SUP: 153
2 -1 1 -1 2 -1 0 -1 #SUP: 130
2 -1 1 -1 2 -1 0 -1 0 -1 #SUP: 108
2 -1 1 -1 2 -1 0 -1 0 -1 1 -1 #SUP: 101
2 -1 1 -1 2 -1 0 -1 1 -1 #SUP: 127
2 -1 1 -1 2 -1 0 -1 1 -1 0 -1 #SUP: 106
2 -1 1 -1 2 -1 0 -1 1 -1 1 -1 #SUP: 124
2 -1 1 -1 2 -1 0 -1 1 -1 1 -1 0 -1 #SUP: 105
2 -1 1 -1 2 -1 0 -1 1 -1 1 -1 1 -1 #SUP: 105
2 -1 1 -1 2 -1 0 -1 1 -1 1 -1 1 -1 1 -1 #SUP: 101
2 -1 1 -1 2 -1 0 -1 1 -1 1 -1 2 -1 #SUP: 107
2 -1 1 -1 2 -1 0 -1 1 -1 1 -1 3 -1 #SUP: 116
2 -1 1 -1 2 -1 0 -1 1 -1 1 -1 3 -1 3 -1 #SUP: 106
2 -1 1 -1 2 -1 0 -1 1 -1 1 -1 13 -1 #SUP: 107
2 -1 1 -1 2 -1 0 -1 1 -1 1 -1 18 -1 #SUP: 104
2 -1 1 -1 2 -1 0 -1 1 -1 2 -1 #SUP: 111
2 -1 1 -1 2 -1 0 -1 1 -1 3 -1 #SUP: 117
2 -1 1 -1 2 -1 0 -1 1 -1 3 -1 3 -1 #SUP: 107
2 -1 1 -1 2 -1 0 -1 1 -1 13 -1 #SUP: 109
2 -1 1 -1 2 -1 0 -1 1 -1 13 -1 13 -1 #SUP: 102
2 -1 1 -1 2 -1 0 -1 1 -1 18 -1 #SUP: 106
2 -1 1 -1 2 -1 0 -1 1 -1 18 -1 3 -1 #SUP: 101
2 -1 1 -1 2 -1 0 -1 1 -1 18 -1 13 -1 #SUP: 102
2 -1 1 -1 2 -1 0 -1 2 -1 #SUP: 120
2 -1 1 -1 2 -1 0 -1 2 -1 0 -1 #SUP: 102
2 -1 1 -1 2 -1 0 -1 2 -1 1 -1 #SUP: 113
2 -1 1 -1 2 -1 0 -1 2 -1 1 -1 1 -1 #SUP: 112
2 -1 1 -1 2 -1 0 -1 2 -1 1 -1 1 -1 3 -1 #SUP: 105
2 -1 1 -1 2 -1 0 -1 2 -1 1 -1 3 -1 #SUP: 106
2 -1 1 -1 2 -1 0 -1 2 -1 2 -1 #SUP: 108
2 -1 1 -1 2 -1 0 -1 2 -1 3 -1 #SUP: 107
2 -1 1 -1 2 -1 0 -1 3 -1 #SUP: 118
2 -1 1 -1 2 -1 0 -1 3 -1 3 -1 #SUP: 107
2 -1 1 -1 2 -1 0 -1 13 -1 #SUP: 110
2 -1 1 -1 2 -1 0 -1 13 -1 13 -1 #SUP: 103
2 -1 1 -1 2 -1 0 -1 18 -1 #SUP: 106
2 -1 1 -1 2 -1 0 -1 18 -1 3 -1 #SUP: 101
2 -1 1 -1 2 -1 0 -1 18 -1 13 -1 #SUP: 102
2 -1 1 -1 2 -1 1 -1 #SUP: 131
2 -1 1 -1 2 -1 1 -1 0 -1 #SUP: 111
2 -1 1 -1 2 -1 1 -1 0 -1 1 -1 #SUP: 102
2 -1 1 -1 2 -1 1 -1 1 -1 #SUP: 127
2 -1 1 -1 2 -1 1 -1 1 -1 0 -1 #SUP: 109
2 -1 1 -1 2 -1 1 -1 1 -1 0 -1 1 -1 #SUP: 101
2 -1 1 -1 2 -1 1 -1 1 -1 1 -1 #SUP: 109
2 -1 1 -1 2 -1 1 -1 1 -1 1 -1 1 -1 #SUP: 105
2 -1 1 -1 2 -1 1 -1 1 -1 1 -1 3 -1 #SUP: 102
2 -1 1 -1 2 -1 1 -1 1 -1 2 -1 #SUP: 110
2 -1 1 -1 2 -1 1 -1 1 -1 3 -1 #SUP: 118
2 -1 1 -1 2 -1 1 -1 1 -1 3 -1 3 -1 #SUP: 108
2 -1 1 -1 2 -1 1 -1 1 -1 3 -1 3 -1 3 -1 #SUP: 101
2 -1 1 -1 2 -1 1 -1 1 -1 3 -1 13 -1 #SUP: 101
2 -1 1 -1 2 -1 1 -1 1 -1 13 -1 #SUP: 112
2 -1 1 -1 2 -1 1 -1 1 -1 13 -1 3 -1 #SUP: 101
2 -1 1 -1 2 -1 1 -1 1 -1 13 -1 13 -1 #SUP: 104
2 -1 1 -1 2 -1 1 -1 1 -1 18 -1 #SUP: 108
2 -1 1 -1 2 -1 1 -1 1 -1 18 -1 3 -1 #SUP: 102
2 -1 1 -1 2 -1 1 -1 1 -1 18 -1 13 -1 #SUP: 104
2 -1 1 -1 2 -1 1 -1 1 -1 21 -1 #SUP: 102
2 -1 1 -1 2 -1 1 -1 2 -1 #SUP: 113
2 -1 1 -1 2 -1 1 -1 3 -1 #SUP: 120
2 -1 1 -1 2 -1 1 -1 3 -1 2 -1 #SUP: 102
2 -1 1 -1 2 -1 1 -1 3 -1 3 -1 #SUP: 110
2 -1 1 -1 2 -1 1 -1 3 -1 3 -1 3 -1 #SUP: 103
2 -1 1 -1 2 -1 1 -1 3 -1 13 -1 #SUP: 104
2 -1 1 -1 2 -1 1 -1 13 -1 #SUP: 114
2 -1 1 -1 2 -1 1 -1 13 -1 3 -1 #SUP: 103
2 -1 1 -1 2 -1 1 -1 13 -1 13 -1 #SUP: 105
2 -1 1 -1 2 -1 1 -1 18 -1 #SUP: 109
2 -1 1 -1 2 -1 1 -1 18 -1 3 -1 #SUP: 104
2 -1 1 -1 2 -1 1 -1 18 -1 13 -1 #SUP: 105
2 -1 1 -1 2 -1 1 -1 21 -1 #SUP: 102
2 -1 1 -1 2 -1 2 -1 #SUP: 125
2 -1 1 -1 2 -1 2 -1 0 -1 #SUP: 108
2 -1 1 -1 2 -1 2 -1 0 -1 1 -1 #SUP: 104
2 -1 1 -1 2 -1 2 -1 0 -1 1 -1 1 -1 #SUP: 103
2 -1 1 -1 2 -1 2 -1 1 -1 #SUP: 118
2 -1 1 -1 2 -1 2 -1 1 -1 0 -1 #SUP: 102
2 -1 1 -1 2 -1 2 -1 1 -1 1 -1 #SUP: 117
2 -1 1 -1 2 -1 2 -1 1 -1 1 -1 0 -1 #SUP: 101
2 -1 1 -1 2 -1 2 -1 1 -1 1 -1 3 -1 #SUP: 110
2 -1 1 -1 2 -1 2 -1 1 -1 1 -1 13 -1 #SUP: 103
2 -1 1 -1 2 -1 2 -1 1 -1 1 -1 18 -1 #SUP: 102
2 -1 1 -1 2 -1 2 -1 1 -1 3 -1 #SUP: 111
2 -1 1 -1 2 -1 2 -1 1 -1 13 -1 #SUP: 103
2 -1 1 -1 2 -1 2 -1 1 -1 18 -1 #SUP: 102
2 -1 1 -1 2 -1 2 -1 2 -1 #SUP: 113
2 -1 1 -1 2 -1 2 -1 2 -1 1 -1 #SUP: 103
2 -1 1 -1 2 -1 2 -1 2 -1 1 -1 1 -1 #SUP: 103
2 -1 1 -1 2 -1 2 -1 3 -1 #SUP: 113
2 -1 1 -1 2 -1 2 -1 13 -1 #SUP: 104
2 -1 1 -1 2 -1 2 -1 18 -1 #SUP: 102
2 -1 1 -1 2 -1 3 -1 #SUP: 122
2 -1 1 -1 2 -1 3 -1 0 -1 #SUP: 103
2 -1 1 -1 2 -1 3 -1 2 -1 #SUP: 104
2 -1 1 -1 2 -1 3 -1 3 -1 #SUP: 111
2 -1 1 -1 2 -1 3 -1 3 -1 3 -1 #SUP: 105
2 -1 1 -1 2 -1 3 -1 13 -1 #SUP: 105
2 -1 1 -1 2 -1 4 -1 #SUP: 102
2 -1 1 -1 2 -1 13 -1 #SUP: 114
2 -1 1 -1 2 -1 13 -1 3 -1 #SUP: 104
2 -1 1 -1 2 -1 13 -1 13 -1 #SUP: 105
2 -1 1 -1 2 -1 18 -1 #SUP: 110
2 -1 1 -1 2 -1 18 -1 3 -1 #SUP: 105
2 -1 1 -1 2 -1 18 -1 13 -1 #SUP: 106
2 -1 1 -1 2 -1 18 -1 13 -1 3 -1 #SUP: 101
2 -1 1 -1 2 -1 18 -1 13 -1 13 -1 #SUP: 101
2 -1 1 -1 2 -1 21 -1 #SUP: 103
2 -1 1 -1 3 -1 #SUP: 155
2 -1 1 -1 3 -1 0 -1 #SUP: 128
2 -1 1 -1 3 -1 0 -1 0 -1 #SUP: 103
2 -1 1 -1 3 -1 0 -1 1 -1 #SUP: 115
2 -1 1 -1 3 -1 0 -1 1 -1 0 -1 #SUP: 101
2 -1 1 -1 3 -1 0 -1 1 -1 1 -1 #SUP: 113
2 -1 1 -1 3 -1 0 -1 1 -1 1 -1 3 -1 #SUP: 108
2 -1 1 -1 3 -1 0 -1 1 -1 2 -1 #SUP: 101
2 -1 1 -1 3 -1 0 -1 1 -1 3 -1 #SUP: 108
2 -1 1 -1 3 -1 0 -1 1 -1 13 -1 #SUP: 102
2 -1 1 -1 3 -1 0 -1 2 -1 #SUP: 112
2 -1 1 -1 3 -1 0 -1 2 -1 1 -1 #SUP: 109
2 -1 1 -1 3 -1 0 -1 2 -1 1 -1 1 -1 #SUP: 108
2 -1 1 -1 3 -1 0 -1 2 -1 1 -1 1 -1 3 -1 #SUP: 102
2 -1 1 -1 3 -1 0 -1 2 -1 1 -1 3 -1 #SUP: 103
2 -1 1 -1 3 -1 0 -1 2 -1 2 -1 #SUP: 102
2 -1 1 -1 3 -1 0 -1 2 -1 3 -1 #SUP: 103
2 -1 1 -1 3 -1 0 -1 3 -1 #SUP: 109
2 -1 1 -1 3 -1 0 -1 13 -1 #SUP: 103
2 -1 1 -1 3 -1 1 -1 #SUP: 128
2 -1 1 -1 3 -1 1 -1 0 -1 #SUP: 109
2 -1 1 -1 3 -1 1 -1 1 -1 #SUP: 118
2 -1 1 -1 3 -1 1 -1 1 -1 0 -1 #SUP: 103
2 -1 1 -1 3 -1 1 -1 1 -1 1 -1 #SUP: 106
2 -1 1 -1 3 -1 1 -1 1 -1 2 -1 #SUP: 104
2 -1 1 -1 3 -1 1 -1 1 -1 3 -1 #SUP: 112
2 -1 1 -1 3 -1 1 -1 1 -1 3 -1 3 -1 #SUP: 103
2 -1 1 -1 3 -1 1 -1 1 -1 13 -1 #SUP: 104
2 -1 1 -1 3 -1 1 -1 2 -1 #SUP: 108
2 -1 1 -1 3 -1 1 -1 3 -1 #SUP: 120
2 -1 1 -1 3 -1 1 -1 3 -1 0 -1 #SUP: 102
2 -1 1 -1 3 -1 1 -1 3 -1 3 -1 #SUP: 107
2 -1 1 -1 3 -1 1 -1 3 -1 3 -1 3 -1 #SUP: 103
2 -1 1 -1 3 -1 1 -1 13 -1 #SUP: 108
2 -1 1 -1 3 -1 2 -1 #SUP: 128
2 -1 1 -1 3 -1 2 -1 0 -1 #SUP: 110
2 -1 1 -1 3 -1 2 -1 0 -1 1 -1 #SUP: 105
2 -1 1 -1 3 -1 2 -1 0 -1 1 -1 1 -1 #SUP: 105
2 -1 1 -1 3 -1 2 -1 0 -1 1 -1 1 -1 3 -1 #SUP: 102
2 -1 1 -1 3 -1 2 -1 0 -1 1 -1 3 -1 #SUP: 102
2 -1 1 -1 3 -1 2 -1 0 -1 2 -1 #SUP: 102
2 -1 1 -1 3 -1 2 -1 0 -1 3 -1 #SUP: 103
2 -1 1 -1 3 -1 2 -1 1 -1 #SUP: 112
2 -1 1 -1 3 -1 2 -1 1 -1 1 -1 #SUP: 111
2 -1 1 -1 3 -1 2 -1 1 -1 1 -1 3 -1 #SUP: 106
2 -1 1 -1 3 -1 2 -1 1 -1 3 -1 #SUP: 107
2 -1 1 -1 3 -1 2 -1 1 -1 13 -1 #SUP: 101
2 -1 1 -1 3 -1 2 -1 2 -1 #SUP: 107
2 -1 1 -1 3 -1 2 -1 2 -1 1 -1 #SUP: 102
2 -1 1 -1 3 -1 2 -1 2 -1 1 -1 1 -1 #SUP: 102
2 -1 1 -1 3 -1 2 -1 3 -1 #SUP: 107
2 -1 1 -1 3 -1 2 -1 13 -1 #SUP: 102
2 -1 1 -1 3 -1 3 -1 #SUP: 140
2 -1 1 -1 3 -1 3 -1 0 -1 #SUP: 113
2 -1 1 -1 3 -1 3 -1 0 -1 1 -1 #SUP: 101
2 -1 1 -1 3 -1 3 -1 1 -1 #SUP: 112
2 -1 1 -1 3 -1 3 -1 1 -1 0 -1 #SUP: 102
2 -1 1 -1 3 -1 3 -1 1 -1 1 -1 #SUP: 105
2 -1 1 -1 3 -1 3 -1 1 -1 3 -1 #SUP: 106
2 -1 1 -1 3 -1 3 -1 2 -1 #SUP: 115
2 -1 1 -1 3 -1 3 -1 3 -1 #SUP: 127
2 -1 1 -1 3 -1 3 -1 3 -1 0 -1 #SUP: 107
2 -1 1 -1 3 -1 3 -1 3 -1 1 -1 #SUP: 108
2 -1 1 -1 3 -1 3 -1 3 -1 1 -1 1 -1 #SUP: 102
2 -1 1 -1 3 -1 3 -1 3 -1 1 -1 3 -1 #SUP: 103
2 -1 1 -1 3 -1 3 -1 3 -1 2 -1 #SUP: 109
2 -1 1 -1 3 -1 3 -1 3 -1 3 -1 #SUP: 120
2 -1 1 -1 3 -1 3 -1 3 -1 3 -1 0 -1 #SUP: 103
2 -1 1 -1 3 -1 3 -1 3 -1 3 -1 1 -1 #SUP: 102
2 -1 1 -1 3 -1 3 -1 3 -1 3 -1 2 -1 #SUP: 104
2 -1 1 -1 3 -1 3 -1 3 -1 3 -1 3 -1 #SUP: 116
2 -1 1 -1 3 -1 3 -1 3 -1 3 -1 3 -1 0 -1 #SUP: 102
2 -1 1 -1 3 -1 3 -1 3 -1 3 -1 3 -1 3 -1 #SUP: 108
2 -1 1 -1 3 -1 3 -1 3 -1 3 -1 13 -1 #SUP: 101
2 -1 1 -1 3 -1 3 -1 3 -1 4 -1 #SUP: 101
2 -1 1 -1 3 -1 3 -1 3 -1 13 -1 #SUP: 105
2 -1 1 -1 3 -1 3 -1 4 -1 #SUP: 112
2 -1 1 -1 3 -1 3 -1 4 -1 2 -1 #SUP: 101
2 -1 1 -1 3 -1 3 -1 4 -1 3 -1 #SUP: 104
2 -1 1 -1 3 -1 3 -1 6 -1 #SUP: 102
2 -1 1 -1 3 -1 3 -1 13 -1 #SUP: 111
2 -1 1 -1 3 -1 3 -1 13 -1 3 -1 #SUP: 103
2 -1 1 -1 3 -1 3 -1 13 -1 13 -1 #SUP: 101
2 -1 1 -1 3 -1 3 -1 18 -1 #SUP: 103
2 -1 1 -1 3 -1 3 -1 21 -1 #SUP: 101
2 -1 1 -1 3 -1 4 -1 #SUP: 126
2 -1 1 -1 3 -1 4 -1 0 -1 #SUP: 107
2 -1 1 -1 3 -1 4 -1 1 -1 #SUP: 105
2 -1 1 -1 3 -1 4 -1 2 -1 #SUP: 108
2 -1 1 -1 3 -1 4 -1 3 -1 #SUP: 116
2 -1 1 -1 3 -1 4 -1 3 -1 3 -1 #SUP: 101
2 -1 1 -1 3 -1 4 -1 4 -1 #SUP: 102
2 -1 1 -1 3 -1 6 -1 #SUP: 105
2 -1 1 -1 3 -1 6 -1 3 -1 #SUP: 103
2 -1 1 -1 3 -1 10 -1 #SUP: 105
2 -1 1 -1 3 -1 10 -1 3 -1 #SUP: 102
2 -1 1 -1 3 -1 10 -1 11 -1 #SUP: 101
2 -1 1 -1 3 -1 11 -1 #SUP: 106
2 -1 1 -1 3 -1 13 -1 #SUP: 125
2 -1 1 -1 3 -1 13 -1 0 -1 #SUP: 107
2 -1 1 -1 3 -1 13 -1 1 -1 #SUP: 106
2 -1 1 -1 3 -1 13 -1 1 -1 1 -1 #SUP: 101
2 -1 1 -1 3 -1 13 -1 1 -1 3 -1 #SUP: 101
2 -1 1 -1 3 -1 13 -1 2 -1 #SUP: 106
2 -1 1 -1 3 -1 13 -1 3 -1 #SUP: 117
2 -1 1 -1 3 -1 13 -1 3 -1 3 -1 #SUP: 106
2 -1 1 -1 3 -1 13 -1 13 -1 #SUP: 110
2 -1 1 -1 3 -1 13 -1 13 -1 3 -1 #SUP: 102
2 -1 1 -1 3 -1 13 -1 13 -1 13 -1 #SUP: 105
2 -1 1 -1 3 -1 18 -1 #SUP: 112
2 -1 1 -1 3 -1 18 -1 0 -1 #SUP: 103
2 -1 1 -1 3 -1 18 -1 3 -1 #SUP: 105
2 -1 1 -1 3 -1 18 -1 13 -1 #SUP: 108
2 -1 1 -1 3 -1 18 -1 13 -1 3 -1 #SUP: 102
2 -1 1 -1 3 -1 21 -1 #SUP: 109
2 -1 1 -1 3 -1 21 -1 3 -1 #SUP: 104
2 -1 1 -1 4 -1 #SUP: 134
2 -1 1 -1 4 -1 0 -1 #SUP: 110
2 -1 1 -1 4 -1 0 -1 1 -1 #SUP: 101
2 -1 1 -1 4 -1 0 -1 2 -1 #SUP: 101
2 -1 1 -1 4 -1 1 -1 #SUP: 110
2 -1 1 -1 4 -1 1 -1 1 -1 #SUP: 104
2 -1 1 -1 4 -1 2 -1 #SUP: 114
2 -1 1 -1 4 -1 3 -1 #SUP: 121
2 -1 1 -1 4 -1 3 -1 0 -1 #SUP: 104
2 -1 1 -1 4 -1 3 -1 1 -1 #SUP: 102
2 -1 1 -1 4 -1 3 -1 2 -1 #SUP: 104
2 -1 1 -1 4 -1 3 -1 3 -1 #SUP: 110
2 -1 1 -1 4 -1 3 -1 4 -1 #SUP: 101
2 -1 1 -1 4 -1 4 -1 #SUP: 116
2 -1 1 -1 4 -1 4 -1 3 -1 #SUP: 104
2 -1 1 -1 6 -1 #SUP: 119
2 -1 1 -1 6 -1 2 -1 #SUP: 104
2 -1 1 -1 6 -1 3 -1 #SUP: 115
2 -1 1 -1 6 -1 3 -1 2 -1 #SUP: 102
2 -1 1 -1 6 -1 3 -1 3 -1 #SUP: 108
2 -1 1 -1 6 -1 3 -1 3 -1 3 -1 #SUP: 101
2 -1 1 -1 6 -1 13 -1 #SUP: 103
2 -1 1 -1 6 -1 21 -1 #SUP: 111
2 -1 1 -1 6 -1 21 -1 3 -1 #SUP: 107
2 -1 1 -1 8 -1 #SUP: 107
2 -1 1 -1 8 -1 3 -1 #SUP: 106
2 -1 1 -1 10 -1 #SUP: 114
2 -1 1 -1 10 -1 1 -1 #SUP: 101
2 -1 1 -1 10 -1 3 -1 #SUP: 110
2 -1 1 -1 10 -1 11 -1 #SUP: 110
2 -1 1 -1 10 -1 11 -1 3 -1 #SUP: 103
2 -1 1 -1 11 -1 #SUP: 110
2 -1 1 -1 11 -1 3 -1 #SUP: 103
2 -1 1 -1 12 -1 #SUP: 105
2 -1 1 -1 13 -1 #SUP: 152
2 -1 1 -1 13 -1 0 -1 #SUP: 118
2 -1 1 -1 13 -1 0 -1 1 -1 #SUP: 108
2 -1 1 -1 13 -1 0 -1 1 -1 1 -1 #SUP: 105
2 -1 1 -1 13 -1 0 -1 2 -1 #SUP: 105
2 -1 1 -1 13 -1 1 -1 #SUP: 120
2 -1 1 -1 13 -1 1 -1 1 -1 #SUP: 109
2 -1 1 -1 13 -1 1 -1 1 -1 1 -1 #SUP: 102
2 -1 1 -1 13 -1 1 -1 1 -1 3 -1 #SUP: 101
2 -1 1 -1 13 -1 1 -1 2 -1 #SUP: 104
2 -1 1 -1 13 -1 1 -1 3 -1 #SUP: 109
2 -1 1 -1 13 -1 1 -1 13 -1 #SUP: 105
2 -1 1 -1 13 -1 2 -1 #SUP: 124
2 -1 1 -1 13 -1 2 -1 0 -1 #SUP: 104
2 -1 1 -1 13 -1 2 -1 1 -1 #SUP: 106
2 -1 1 -1 13 -1 2 -1 1 -1 1 -1 #SUP: 104
2 -1 1 -1 13 -1 2 -1 2 -1 #SUP: 102
2 -1 1 -1 13 -1 3 -1 #SUP: 129
2 -1 1 -1 13 -1 3 -1 0 -1 #SUP: 102
2 -1 1 -1 13 -1 3 -1 1 -1 #SUP: 104
2 -1 1 -1 13 -1 3 -1 2 -1 #SUP: 109
2 -1 1 -1 13 -1 3 -1 3 -1 #SUP: 114
2 -1 1 -1 13 -1 3 -1 3 -1 1 -1 #SUP: 101
2 -1 1 -1 13 -1 3 -1 3 -1 2 -1 #SUP: 101
2 -1 1 -1 13 -1 3 -1 3 -1 3 -1 #SUP: 106
2 -1 1 -1 13 -1 3 -1 13 -1 #SUP: 101
2 -1 1 -1 13 -1 4 -1 #SUP: 105
2 -1 1 -1 13 -1 13 -1 #SUP: 130
2 -1 1 -1 13 -1 13 -1 0 -1 #SUP: 107
2 -1 1 -1 13 -1 13 -1 1 -1 #SUP: 106
2 -1 1 -1 13 -1 13 -1 1 -1 1 -1 #SUP: 101
2 -1 1 -1 13 -1 13 -1 2 -1 #SUP: 110
2 -1 1 -1 13 -1 13 -1 3 -1 #SUP: 111
2 -1 1 -1 13 -1 13 -1 13 -1 #SUP: 119
2 -1 1 -1 13 -1 13 -1 13 -1 0 -1 #SUP: 101
2 -1 1 -1 13 -1 13 -1 13 -1 2 -1 #SUP: 103
2 -1 1 -1 13 -1 13 -1 13 -1 3 -1 #SUP: 105
2 -1 1 -1 13 -1 13 -1 13 -1 13 -1 #SUP: 109
2 -1 1 -1 13 -1 13 -1 13 -1 13 -1 13 -1 #SUP: 105
2 -1 1 -1 13 -1 13 -1 13 -1 13 -1 13 -1 13 -1 #SUP: 101
2 -1 1 -1 13 -1 16 -1 #SUP: 110
2 -1 1 -1 13 -1 16 -1 3 -1 #SUP: 101
2 -1 1 -1 13 -1 21 -1 #SUP: 103
2 -1 1 -1 16 -1 #SUP: 125
2 -1 1 -1 16 -1 0 -1 #SUP: 109
2 -1 1 -1 16 -1 0 -1 1 -1 #SUP: 102
2 -1 1 -1 16 -1 0 -1 2 -1 #SUP: 101
2 -1 1 -1 16 -1 1 -1 #SUP: 110
2 -1 1 -1 16 -1 1 -1 1 -1 #SUP: 105
2 -1 1 -1 16 -1 1 -1 3 -1 #SUP: 105
2 -1 1 -1 16 -1 2 -1 #SUP: 110
2 -1 1 -1 16 -1 2 -1 1 -1 #SUP: 101
2 -1 1 -1 16 -1 3 -1 #SUP: 115
2 -1 1 -1 16 -1 3 -1 1 -1 #SUP: 101
2 -1 1 -1 16 -1 3 -1 3 -1 #SUP: 105
2 -1 1 -1 16 -1 13 -1 #SUP: 110
2 -1 1 -1 16 -1 13 -1 13 -1 #SUP: 101
2 -1 1 -1 16 -1 13 -1 16 -1 #SUP: 103
2 -1 1 -1 16 -1 16 -1 #SUP: 108
2 -1 1 -1 16 -1 18 -1 #SUP: 107
2 -1 1 -1 16 -1 18 -1 13 -1 #SUP: 104
2 -1 1 -1 18 -1 #SUP: 139
2 -1 1 -1 18 -1 0 -1 #SUP: 115
2 -1 1 -1 18 -1 0 -1 1 -1 #SUP: 106
2 -1 1 -1 18 -1 0 -1 1 -1 1 -1 #SUP: 103
2 -1 1 -1 18 -1 0 -1 2 -1 #SUP: 104
2 -1 1 -1 18 -1 0 -1 3 -1 #SUP: 101
2 -1 1 -1 18 -1 1 -1 #SUP: 116
2 -1 1 -1 18 -1 1 -1 1 -1 #SUP: 107
2 -1 1 -1 18 -1 1 -1 1 -1 3 -1 #SUP: 103
2 -1 1 -1 18 -1 1 -1 2 -1 #SUP: 103
2 -1 1 -1 18 -1 1 -1 3 -1 #SUP: 109
2 -1 1 -1 18 -1 2 -1 #SUP: 118
2 -1 1 -1 18 -1 2 -1 0 -1 #SUP: 102
2 -1 1 -1 18 -1 2 -1 1 -1 #SUP: 104
2 -1 1 -1 18 -1 2 -1 1 -1 1 -1 #SUP: 103
2 -1 1 -1 18 -1 3 -1 #SUP: 128
2 -1 1 -1 18 -1 3 -1 0 -1 #SUP: 104
2 -1 1 -1 18 -1 3 -1 1 -1 #SUP: 106
2 -1 1 -1 18 -1 3 -1 1 -1 1 -1 #SUP: 102
2 -1 1 -1 18 -1 3 -1 1 -1 3 -1 #SUP: 103
2 -1 1 -1 18 -1 3 -1 2 -1 #SUP: 111
2 -1 1 -1 18 -1 3 -1 3 -1 #SUP: 117
2 -1 1 -1 18 -1 3 -1 3 -1 1 -1 #SUP: 102
2 -1 1 -1 18 -1 3 -1 3 -1 2 -1 #SUP: 102
2 -1 1 -1 18 -1 3 -1 3 -1 3 -1 #SUP: 108
2 -1 1 -1 18 -1 3 -1 3 -1 3 -1 3 -1 #SUP: 101
2 -1 1 -1 18 -1 3 -1 13 -1 #SUP: 106
2 -1 1 -1 18 -1 3 -1 13 -1 3 -1 #SUP: 102
2 -1 1 -1 18 -1 4 -1 #SUP: 107
2 -1 1 -1 18 -1 6 -1 #SUP: 108
2 -1 1 -1 18 -1 6 -1 3 -1 #SUP: 102
2 -1 1 -1 18 -1 10 -1 #SUP: 103
2 -1 1 -1 18 -1 13 -1 #SUP: 134
2 -1 1 -1 18 -1 13 -1 0 -1 #SUP: 107
2 -1 1 -1 18 -1 13 -1 0 -1 1 -1 #SUP: 101
2 -1 1 -1 18 -1 13 -1 1 -1 #SUP: 112
2 -1 1 -1 18 -1 13 -1 1 -1 1 -1 #SUP: 102
2 -1 1 -1 18 -1 13 -1 1 -1 3 -1 #SUP: 105
2 -1 1 -1 18 -1 13 -1 2 -1 #SUP: 114
2 -1 1 -1 18 -1 13 -1 3 -1 #SUP: 124
2 -1 1 -1 18 -1 13 -1 3 -1 1 -1 #SUP: 101
2 -1 1 -1 18 -1 13 -1 3 -1 2 -1 #SUP: 106
2 -1 1 -1 18 -1 13 -1 3 -1 3 -1 #SUP: 112
2 -1 1 -1 18 -1 13 -1 3 -1 3 -1 3 -1 #SUP: 105
2 -1 1 -1 18 -1 13 -1 4 -1 #SUP: 103
2 -1 1 -1 18 -1 13 -1 13 -1 #SUP: 116
2 -1 1 -1 18 -1 13 -1 13 -1 3 -1 #SUP: 107
2 -1 1 -1 18 -1 13 -1 13 -1 13 -1 #SUP: 109
2 -1 1 -1 18 -1 13 -1 13 -1 13 -1 3 -1 #SUP: 101
2 -1 1 -1 18 -1 13 -1 13 -1 13 -1 13 -1 #SUP: 102
2 -1 1 -1 18 -1 13 -1 21 -1 #SUP: 101
2 -1 1 -1 18 -1 16 -1 #SUP: 101
2 -1 1 -1 18 -1 21 -1 #SUP: 114
2 -1 1 -1 18 -1 21 -1 2 -1 #SUP: 103
2 -1 1 -1 18 -1 21 -1 3 -1 #SUP: 110
2 -1 1 -1 18 -1 21 -1 3 -1 3 -1 #SUP: 102
2 -1 1 -1 18 -1 21 -1 13 -1 #SUP: 105
2 -1 1 -1 21 -1 #SUP: 124
2 -1 1 -1 21 -1 0 -1 #SUP: 102
2 -1 1 -1 21 -1 1 -1 #SUP: 104
2 -1 1 -1 21 -1 1 -1 3 -1 #SUP: 102
2 -1 1 -1 21 -1 2 -1 #SUP: 111
2 -1 1 -1 21 -1 3 -1 #SUP: 119
2 -1 1 -1 21 -1 3 -1 2 -1 #SUP: 107
2 -1 1 -1 21 -1 3 -1 3 -1 #SUP: 110
2 -1 1 -1 21 -1 3 -1 3 -1 3 -1 #SUP: 104
2 -1 1 -1 21 -1 13 -1 #SUP: 111
2 -1 1 -1 21 -1 13 -1 3 -1 #SUP: 107
2 -1 2 -1 #SUP: 164
2 -1 2 -1 0 -1 #SUP: 137
2 -1 2 -1 0 -1 0 -1 #SUP: 114
2 -1 2 -1 0 -1 0 -1 1 -1 #SUP: 109
2 -1 2 -1 0 -1 0 -1 1 -1 1 -1 #SUP: 107
2 -1 2 -1 0 -1 0 -1 1 -1 3 -1 #SUP: 102
2 -1 2 -1 0 -1 0 -1 2 -1 #SUP: 101
2 -1 2 -1 0 -1 0 -1 3 -1 #SUP: 103
2 -1 2 -1 0 -1 1 -1 #SUP: 132
2 -1 2 -1 0 -1 1 -1 0 -1 #SUP: 113
2 -1 2 -1 0 -1 1 -1 0 -1 1 -1 #SUP: 107
2 -1 2 -1 0 -1 1 -1 0 -1 1 -1 1 -1 #SUP: 105
2 -1 2 -1 0 -1 1 -1 0 -1 3 -1 #SUP: 102
2 -1 2 -1 0 -1 1 -1 1 -1 #SUP: 129
2 -1 2 -1 0 -1 1 -1 1 -1 0 -1 #SUP: 112
2 -1 2 -1 0 -1 1 -1 1 -1 0 -1 1 -1 #SUP: 106
2 -1 2 -1 0 -1 1 -1 1 -1 0 -1 1 -1 1 -1 #SUP: 104
2 -1 2 -1 0 -1 1 -1 1 -1 1 -1 #SUP: 114
2 -1 2 -1 0 -1 1 -1 1 -1 1 -1 1 -1 #SUP: 110
2 -1 2 -1 0 -1 1 -1 1 -1 1 -1 1 -1 3 -1 #SUP: 106
2 -1 2 -1 0 -1 1 -1 1 -1 1 -1 3 -1 #SUP: 109
2 -1 2 -1 0 -1 1 -1 1 -1 2 -1 #SUP: 114
2 -1 2 -1 0 -1 1 -1 1 -1 2 -1 0 -1 #SUP: 101
2 -1 2 -1 0 -1 1 -1 1 -1 2 -1 1 -1 #SUP: 103
2 -1 2 -1 0 -1 1 -1 1 -1 2 -1 1 -1 1 -1 #SUP: 103
2 -1 2 -1 0 -1 1 -1 1 -1 2 -1 3 -1 #SUP: 101
2 -1 2 -1 0 -1 1 -1 1 -1 3 -1 #SUP: 122
2 -1 2 -1 0 -1 1 -1 1 -1 3 -1 0 -1 #SUP: 101
2 -1 2 -1 0 -1 1 -1 1 -1 3 -1 2 -1 #SUP: 105
2 -1 2 -1 0 -1 1 -1 1 -1 3 -1 3 -1 #SUP: 112
2 -1 2 -1 0 -1 1 -1 1 -1 3 -1 3 -1 3 -1 #SUP: 104
2 -1 2 -1 0 -1 1 -1 1 -1 3 -1 13 -1 #SUP: 103
2 -1 2 -1 0 -1 1 -1 1 -1 4 -1 #SUP: 103
2 -1 2 -1 0 -1 1 -1 1 -1 13 -1 #SUP: 114
2 -1 2 -1 0 -1 1 -1 1 -1 13 -1 3 -1 #SUP: 104
2 -1 2 -1 0 -1 1 -1 1 -1 13 -1 13 -1 #SUP: 106
2 -1 2 -1 0 -1 1 -1 1 -1 18 -1 #SUP: 110
2 -1 2 -1 0 -1 1 -1 1 -1 18 -1 3 -1 #SUP: 104
2 -1 2 -1 0 -1 1 -1 1 -1 18 -1 13 -1 #SUP: 106
2 -1 2 -1 0 -1 1 -1 1 -1 21 -1 #SUP: 103
2 -1 2 -1 0 -1 1 -1 2 -1 #SUP: 118
2 -1 2 -1 0 -1 1 -1 2 -1 0 -1 #SUP: 102
2 -1 2 -1 0 -1 1 -1 2 -1 0 -1 1 -1 #SUP: 101
2 -1 2 -1 0 -1 1 -1 2 -1 1 -1 #SUP: 104
2 -1 2 -1 0 -1 1 -1 2 -1 1 -1 1 -1 #SUP: 104
2 -1 2 -1 0 -1 1 -1 2 -1 3 -1 #SUP: 101
2 -1 2 -1 0 -1 1 -1 3 -1 #SUP: 123
2 -1 2 -1 0 -1 1 -1 3 -1 0 -1 #SUP: 102
2 -1 2 -1 0 -1 1 -1 3 -1 1 -1 #SUP: 101
2 -1 2 -1 0 -1 1 -1 3 -1 2 -1 #SUP: 107
2 -1 2 -1 0 -1 1 -1 3 -1 3 -1 #SUP: 113
2 -1 2 -1 0 -1 1 -1 3 -1 3 -1 3 -1 #SUP: 105
2 -1 2 -1 0 -1 1 -1 3 -1 13 -1 #SUP: 105
2 -1 2 -1 0 -1 1 -1 4 -1 #SUP: 104
2 -1 2 -1 0 -1 1 -1 13 -1 #SUP: 115
2 -1 2 -1 0 -1 1 -1 13 -1 3 -1 #SUP: 105
2 -1 2 -1 0 -1 1 -1 13 -1 13 -1 #SUP: 107
2 -1 2 -1 0 -1 1 -1 18 -1 #SUP: 112
2 -1 2 -1 0 -1 1 -1 18 -1 3 -1 #SUP: 107
2 -1 2 -1 0 -1 1 -1 18 -1 3 -1 3 -1 #SUP: 101
2 -1 2 -1 0 -1 1 -1 18 -1 13 -1 #SUP: 108
2 -1 2 -1 0 -1 1 -1 18 -1 13 -1 3 -1 #SUP: 103
2 -1 2 -1 0 -1 1 -1 18 -1 13 -1 13 -1 #SUP: 102
2 -1 2 -1 0 -1 1 -1 21 -1 #SUP: 104
2 -1 2 -1 0 -1 1 -1 21 -1 3 -1 #SUP: 101
2 -1 2 -1 0 -1 2 -1 #SUP: 125
2 -1 2 -1 0 -1 2 -1 0 -1 #SUP: 109
2 -1 2 -1 0 -1 2 -1 0 -1 1 -1 #SUP: 107
2 -1 2 -1 0 -1 2 -1 0 -1 1 -1 1 -1 #SUP: 106
2 -1 2 -1 0 -1 2 -1 0 -1 1 -1 3 -1 #SUP: 101
2 -1 2 -1 0 -1 2 -1 0 -1 3 -1 #SUP: 102
2 -1 2 -1 0 -1 2 -1 1 -1 #SUP: 118
2 -1 2 -1 0 -1 2 -1 1 -1 0 -1 #SUP: 101
2 -1 2 -1 0 -1 2 -1 1 -1 1 -1 #SUP: 117
2 -1 2 -1 0 -1 2 -1 1 -1 1 -1 0 -1 #SUP: 101
2 -1 2 -1 0 -1 2 -1 1 -1 1 -1 3 -1 #SUP: 110
2 -1 2 -1 0 -1 2 -1 1 -1 1 -1 13 -1 #SUP: 101
2 -1 2 -1 0 -1 2 -1 1 -1 1 -1 18 -1 #SUP: 101
2 -1 2 -1 0 -1 2 -1 1 -1 2 -1 #SUP: 102
2 -1 2 -1 0 -1 2 -1 1 -1 3 -1 #SUP: 111
2 -1 2 -1 0 -1 2 -1 1 -1 13 -1 #SUP: 101
2 -1 2 -1 0 -1 2 -1 1 -1 18 -1 #SUP: 102
2 -1 2 -1 0 -1 2 -1 2 -1 #SUP: 112
2 -1 2 -1 0 -1 2 -1 2 -1 1 -1 #SUP: 103
2 -1 2 -1 0 -1 2 -1 2 -1 1 -1 1 -1 #SUP: 103
2 -1 2 -1 0 -1 2 -1 2 -1 3 -1 #SUP: 102
2 -1 2 -1 0 -1 2 -1 3 -1 #SUP: 111
2 -1 2 -1 0 -1 2 -1 13 -1 #SUP: 102
2 -1 2 -1 0 -1 2 -1 18 -1 #SUP: 102
2 -1 2 -1 0 -1 3 -1 #SUP: 124
2 -1 2 -1 0 -1 3 -1 0 -1 #SUP: 103
2 -1 2 -1 0 -1 3 -1 1 -1 #SUP: 102
2 -1 2 -1 0 -1 3 -1 2 -1 #SUP: 108
2 -1 2 -1 0 -1 3 -1 3 -1 #SUP: 113
2 -1 2 -1 0 -1 3 -1 3 -1 3 -1 #SUP: 105
2 -1 2 -1 0 -1 3 -1 13 -1 #SUP: 105
2 -1 2 -1 0 -1 4 -1 #SUP: 106
2 -1 2 -1 0 -1 13 -1 #SUP: 116
2 -1 2 -1 0 -1 13 -1 3 -1 #SUP: 105
2 -1 2 -1 0 -1 13 -1 13 -1 #SUP: 108
2 -1 2 -1 0 -1 16 -1 #SUP: 101
2 -1 2 -1 0 -1 18 -1 #SUP: 112
2 -1 2 -1 0 -1 18 -1 3 -1 #SUP: 107
2 -1 2 -1 0 -1 18 -1 3 -1 3 -1 #SUP: 101
2 -1 2 -1 0 -1 18 -1 13 -1 #SUP: 108
2 -1 2 -1 0 -1 18 -1 13 -1 3 -1 #SUP: 103
2 -1 2 -1 0 -1 18 -1 13 -1 13 -1 #SUP: 102
2 -1 2 -1 0 -1 21 -1 #SUP: 104
2 -1 2 -1 0 -1 21 -1 3 -1 #SUP: 101
2 -1 2 -1 1 -1 #SUP: 147
2 -1 2 -1 1 -1 0 -1 #SUP: 124
2 -1 2 -1 1 -1 0 -1 1 -1 #SUP: 114
2 -1 2 -1 1 -1 0 -1 1 -1 1 -1 #SUP: 111
2 -1 2 -1 1 -1 0 -1 1 -1 1 -1 3 -1 #SUP: 107
2 -1 2 -1 1 -1 0 -1 1 -1 2 -1 #SUP: 101
2 -1 2 -1 1 -1 0 -1 1 -1 3 -1 #SUP: 108
2 -1 2 -1 1 -1 0 -1 2 -1 #SUP: 110
2 -1 2 -1 1 -1 0 -1 2 -1 1 -1 #SUP: 104
2 -1 2 -1 1 -1 0 -1 2 -1 1 -1 1 -1 #SUP: 104
2 -1 2 -1 1 -1 0 -1 2 -1 2 -1 #SUP: 102
2 -1 2 -1 1 -1 0 -1 2 -1 3 -1 #SUP: 101
2 -1 2 -1 1 -1 0 -1 3 -1 #SUP: 110
2 -1 2 -1 1 -1 0 -1 13 -1 #SUP: 102
2 -1 2 -1 1 -1 1 -1 #SUP: 143
2 -1 2 -1 1 -1 1 -1 0 -1 #SUP: 122
2 -1 2 -1 1 -1 1 -1 0 -1 1 -1 #SUP: 113
2 -1 2 -1 1 -1 1 -1 0 -1 1 -1 1 -1 #SUP: 110
2 -1 2 -1 1 -1 1 -1 0 -1 1 -1 1 -1 3 -1 #SUP: 106
2 -1 2 -1 1 -1 1 -1 0 -1 1 -1 3 -1 #SUP: 107
2 -1 2 -1 1 -1 1 -1 0 -1 2 -1 #SUP: 109
2 -1 2 -1 1 -1 1 -1 0 -1 2 -1 1 -1 #SUP: 103
2 -1 2 -1 1 -1 1 -1 0 -1 2 -1 1 -1 1 -1 #SUP: 103
2 -1 2 -1 1 -1 1 -1 0 -1 2 -1 2 -1 #SUP: 101
2 -1 2 -1 1 -1 1 -1 0 -1 3 -1 #SUP: 108
2 -1 2 -1 1 -1 1 -1 0 -1 13 -1 #SUP: 101
2 -1 2 -1 1 -1 1 -1 1 -1 #SUP: 127
2 -1 2 -1 1 -1 1 -1 1 -1 0 -1 #SUP: 107
2 -1 2 -1 1 -1 1 -1 1 -1 0 -1 1 -1 #SUP: 101
2 -1 2 -1 1 -1 1 -1 1 -1 1 -1 #SUP: 118
2 -1 2 -1 1 -1 1 -1 1 -1 1 -1 0 -1 #SUP: 105
2 -1 2 -1 1 -1 1 -1 1 -1 1 -1 1 -1 #SUP: 106
2 -1 2 -1 1 -1 1 -1 1 -1 1 -1 1 -1 1 -1 #SUP: 102
2 -1 2 -1 1 -1 1 -1 1 -1 1 -1 1 -1 3 -1 #SUP: 101
2 -1 2 -1 1 -1 1 -1 1 -1 1 -1 2 -1 #SUP: 105
2 -1 2 -1 1 -1 1 -1 1 -1 1 -1 3 -1 #SUP: 114
2 -1 2 -1 1 -1 1 -1 1 -1 1 -1 3 -1 3 -1 #SUP: 101
2 -1 2 -1 1 -1 1 -1 1 -1 1 -1 13 -1 #SUP: 105
2 -1 2 -1 1 -1 1 -1 1 -1 1 -1 13 -1 13 -1 #SUP: 101
2 -1 2 -1 1 -1 1 -1 1 -1 2 -1 #SUP: 110
2 -1 2 -1 1 -1 1 -1 1 -1 3 -1 #SUP: 119
2 -1 2 -1 1 -1 1 -1 1 -1 3 -1 3 -1 #SUP: 106
2 -1 2 -1 1 -1 1 -1 1 -1 3 -1 13 -1 #SUP: 101
2 -1 2 -1 1 -1 1 -1 1 -1 13 -1 #SUP: 107
2 -1 2 -1 1 -1 1 -1 1 -1 13 -1 13 -1 #SUP: 102
2 -1 2 -1 1 -1 1 -1 2 -1 #SUP: 125
2 -1 2 -1 1 -1 1 -1 2 -1 0 -1 #SUP: 110
2 -1 2 -1 1 -1 1 -1 2 -1 0 -1 1 -1 #SUP: 110
2 -1 2 -1 1 -1 1 -1 2 -1 0 -1 1 -1 1 -1 #SUP: 108
2 -1 2 -1 1 -1 1 -1 2 -1 0 -1 1 -1 1 -1 3 -1 #SUP: 104
2 -1 2 -1 1 -1 1 -1 2 -1 0 -1 1 -1 3 -1 #SUP: 105
2 -1 2 -1 1 -1 1 -1 2 -1 0 -1 2 -1 #SUP: 102
2 -1 2 -1 1 -1 1 -1 2 -1 0 -1 3 -1 #SUP: 105
2 -1 2 -1 1 -1 1 -1 2 -1 1 -1 #SUP: 113
2 -1 2 -1 1 -1 1 -1 2 -1 1 -1 1 -1 #SUP: 112
2 -1 2 -1 1 -1 1 -1 2 -1 1 -1 1 -1 3 -1 #SUP: 107
2 -1 2 -1 1 -1 1 -1 2 -1 1 -1 3 -1 #SUP: 107
2 -1 2 -1 1 -1 1 -1 2 -1 2 -1 #SUP: 107
2 -1 2 -1 1 -1 1 -1 2 -1 3 -1 #SUP: 108
2 -1 2 -1 1 -1 1 -1 3 -1 #SUP: 132
2 -1 2 -1 1 -1 1 -1 3 -1 0 -1 #SUP: 109
2 -1 2 -1 1 -1 1 -1 3 -1 0 -1 1 -1 #SUP: 101
2 -1 2 -1 1 -1 1 -1 3 -1 1 -1 #SUP: 111
2 -1 2 -1 1 -1 1 -1 3 -1 1 -1 1 -1 #SUP: 107
2 -1 2 -1 1 -1 1 -1 3 -1 1 -1 1 -1 3 -1 #SUP: 104
2 -1 2 -1 1 -1 1 -1 3 -1 1 -1 3 -1 #SUP: 108
2 -1 2 -1 1 -1 1 -1 3 -1 2 -1 #SUP: 115
2 -1 2 -1 1 -1 1 -1 3 -1 3 -1 #SUP: 122
2 -1 2 -1 1 -1 1 -1 3 -1 3 -1 0 -1 #SUP: 101
2 -1 2 -1 1 -1 1 -1 3 -1 3 -1 1 -1 #SUP: 101
2 -1 2 -1 1 -1 1 -1 3 -1 3 -1 2 -1 #SUP: 105
2 -1 2 -1 1 -1 1 -1 3 -1 3 -1 3 -1 #SUP: 112
2 -1 2 -1 1 -1 1 -1 3 -1 3 -1 3 -1 3 -1 #SUP: 106
2 -1 2 -1 1 -1 1 -1 3 -1 3 -1 3 -1 3 -1 3 -1 #SUP: 102
2 -1 2 -1 1 -1 1 -1 3 -1 4 -1 #SUP: 110
2 -1 2 -1 1 -1 1 -1 3 -1 4 -1 3 -1 #SUP: 104
2 -1 2 -1 1 -1 1 -1 3 -1 13 -1 #SUP: 112
2 -1 2 -1 1 -1 1 -1 3 -1 13 -1 3 -1 #SUP: 105
2 -1 2 -1 1 -1 1 -1 3 -1 13 -1 13 -1 #SUP: 105
2 -1 2 -1 1 -1 1 -1 3 -1 18 -1 #SUP: 101
2 -1 2 -1 1 -1 1 -1 4 -1 #SUP: 117
2 -1 2 -1 1 -1 1 -1 4 -1 2 -1 #SUP: 104
2 -1 2 -1 1 -1 1 -1 4 -1 3 -1 #SUP: 110
2 -1 2 -1 1 -1 1 -1 4 -1 4 -1 #SUP: 103
2 -1 2 -1 1 -1 1 -1 6 -1 #SUP: 103
2 -1 2 -1 1 -1 1 -1 6 -1 3 -1 #SUP: 101
2 -1 2 -1 1 -1 1 -1 13 -1 #SUP: 128
2 -1 2 -1 1 -1 1 -1 13 -1 0 -1 #SUP: 103
2 -1 2 -1 1 -1 1 -1 13 -1 1 -1 #SUP: 105
2 -1 2 -1 1 -1 1 -1 13 -1 2 -1 #SUP: 107
2 -1 2 -1 1 -1 1 -1 13 -1 3 -1 #SUP: 114
2 -1 2 -1 1 -1 1 -1 13 -1 3 -1 3 -1 #SUP: 104
2 -1 2 -1 1 -1 1 -1 13 -1 13 -1 #SUP: 115
2 -1 2 -1 1 -1 1 -1 13 -1 13 -1 3 -1 #SUP: 104
2 -1 2 -1 1 -1 1 -1 13 -1 13 -1 13 -1 #SUP: 106
2 -1 2 -1 1 -1 1 -1 13 -1 16 -1 #SUP: 102
2 -1 2 -1 1 -1 1 -1 16 -1 #SUP: 116
2 -1 2 -1 1 -1 1 -1 16 -1 0 -1 #SUP: 103
2 -1 2 -1 1 -1 1 -1 16 -1 1 -1 #SUP: 105
2 -1 2 -1 1 -1 1 -1 16 -1 2 -1 #SUP: 103
2 -1 2 -1 1 -1 1 -1 16 -1 3 -1 #SUP: 109
2 -1 2 -1 1 -1 1 -1 16 -1 3 -1 3 -1 #SUP: 101
2 -1 2 -1 1 -1 1 -1 16 -1 13 -1 #SUP: 104
2 -1 2 -1 1 -1 1 -1 16 -1 16 -1 #SUP: 104
2 -1 2 -1 1 -1 1 -1 16 -1 18 -1 #SUP: 102
2 -1 2 -1 1 -1 1 -1 18 -1 #SUP: 123
2 -1 2 -1 1 -1 1 -1 18 -1 1 -1 #SUP: 102
2 -1 2 -1 1 -1 1 -1 18 -1 2 -1 #SUP: 104
2 -1 2 -1 1 -1 1 -1 18 -1 3 -1 #SUP: 114
2 -1 2 -1 1 -1 1 -1 18 -1 3 -1 3 -1 #SUP: 107
2 -1 2 -1 1 -1 1 -1 18 -1 13 -1 #SUP: 119
2 -1 2 -1 1 -1 1 -1 18 -1 13 -1 2 -1 #SUP: 101
2 -1 2 -1 1 -1 1 -1 18 -1 13 -1 3 -1 #SUP: 110
2 -1 2 -1 1 -1 1 -1 18 -1 13 -1 3 -1 3 -1 #SUP: 102
2 -1 2 -1 1 -1 1 -1 18 -1 13 -1 13 -1 #SUP: 109
2 -1 2 -1 1 -1 1 -1 18 -1 21 -1 #SUP: 104
2 -1 2 -1 1 -1 1 -1 21 -1 #SUP: 110
2 -1 2 -1 1 -1 1 -1 21 -1 3 -1 #SUP: 106
2 -1 2 -1 1 -1 2 -1 #SUP: 128
2 -1 2 -1 1 -1 2 -1 0 -1 #SUP: 110
2 -1 2 -1 1 -1 2 -1 0 -1 1 -1 #SUP: 110
2 -1 2 -1 1 -1 2 -1 0 -1 1 -1 1 -1 #SUP: 108
2 -1 2 -1 1 -1 2 -1 0 -1 1 -1 1 -1 3 -1 #SUP: 104
2 -1 2 -1 1 -1 2 -1 0 -1 1 -1 3 -1 #SUP: 105
2 -1 2 -1 1 -1 2 -1 0 -1 2 -1 #SUP: 102
2 -1 2 -1 1 -1 2 -1 0 -1 3 -1 #SUP: 105
2 -1 2 -1 1 -1 2 -1 1 -1 #SUP: 113
2 -1 2 -1 1 -1 2 -1 1 -1 1 -1 #SUP: 112
2 -1 2 -1 1 -1 2 -1 1 -1 1 -1 3 -1 #SUP: 107
2 -1 2 -1 1 -1 2 -1 1 -1 3 -1 #SUP: 107
2 -1 2 -1 1 -1 2 -1 2 -1 #SUP: 109
2 -1 2 -1 1 -1 2 -1 2 -1 1 -1 #SUP: 101
2 -1 2 -1 1 -1 2 -1 2 -1 1 -1 1 -1 #SUP: 101
2 -1 2 -1 1 -1 2 -1 3 -1 #SUP: 108
2 -1 2 -1 1 -1 2 -1 13 -1 #SUP: 101
2 -1 2 -1 1 -1 3 -1 #SUP: 134
2 -1 2 -1 1 -1 3 -1 0 -1 #SUP: 111
2 -1 2 -1 1 -1 3 -1 0 -1 1 -1 #SUP: 102
2 -1 2 -1 1 -1 3 -1 1 -1 #SUP: 112
2 -1 2 -1 1 -1 3 -1 1 -1 1 -1 #SUP: 108
2 -1 2 -1 1 -1 3 -1 1 -1 1 -1 3 -1 #SUP: 104
2 -1 2 -1 1 -1 3 -1 1 -1 3 -1 #SUP: 108
2 -1 2 -1 1 -1 3 -1 2 -1 #SUP: 116
2 -1 2 -1 1 -1 3 -1 2 -1 1 -1 #SUP: 101
2 -1 2 -1 1 -1 3 -1 2 -1 1 -1 1 -1 #SUP: 101
2 -1 2 -1 1 -1 3 -1 3 -1 #SUP: 124
2 -1 2 -1 1 -1 3 -1 3 -1 0 -1 #SUP: 103
2 -1 2 -1 1 -1 3 -1 3 -1 1 -1 #SUP: 102
2 -1 2 -1 1 -1 3 -1 3 -1 2 -1 #SUP: 106
2 -1 2 -1 1 -1 3 -1 3 -1 3 -1 #SUP: 114
2 -1 2 -1 1 -1 3 -1 3 -1 3 -1 3 -1 #SUP: 108
2 -1 2 -1 1 -1 3 -1 3 -1 3 -1 3 -1 3 -1 #SUP: 104
2 -1 2 -1 1 -1 3 -1 3 -1 13 -1 #SUP: 102
2 -1 2 -1 1 -1 3 -1 4 -1 #SUP: 111
2 -1 2 -1 1 -1 3 -1 4 -1 3 -1 #SUP: 105
2 -1 2 -1 1 -1 3 -1 13 -1 #SUP: 114
2 -1 2 -1 1 -1 3 -1 13 -1 3 -1 #SUP: 107
2 -1 2 -1 1 -1 3 -1 13 -1 13 -1 #SUP: 106
2 -1 2 -1 1 -1 3 -1 18 -1 #SUP: 102
2 -1 2 -1 1 -1 4 -1 #SUP: 117
2 -1 2 -1 1 -1 4 -1 2 -1 #SUP: 105
2 -1 2 -1 1 -1 4 -1 3 -1 #SUP: 111
2 -1 2 -1 1 -1 4 -1 4 -1 #SUP: 104
2 -1 2 -1 1 -1 6 -1 #SUP: 104
2 -1 2 -1 1 -1 6 -1 3 -1 #SUP: 102
2 -1 2 -1 1 -1 10 -1 #SUP: 101
2 -1 2 -1 1 -1 13 -1 #SUP: 130
2 -1 2 -1 1 -1 13 -1 0 -1 #SUP: 106
2 -1 2 -1 1 -1 13 -1 1 -1 #SUP: 106
2 -1 2 -1 1 -1 13 -1 2 -1 #SUP: 109
2 -1 2 -1 1 -1 13 -1 3 -1 #SUP: 116
2 -1 2 -1 1 -1 13 -1 3 -1 3 -1 #SUP: 106
2 -1 2 -1 1 -1 13 -1 13 -1 #SUP: 116
2 -1 2 -1 1 -1 13 -1 13 -1 2 -1 #SUP: 101
2 -1 2 -1 1 -1 13 -1 13 -1 3 -1 #SUP: 105
2 -1 2 -1 1 -1 13 -1 13 -1 13 -1 #SUP: 106
2 -1 2 -1 1 -1 13 -1 16 -1 #SUP: 102
2 -1 2 -1 1 -1 16 -1 #SUP: 118
2 -1 2 -1 1 -1 16 -1 0 -1 #SUP: 106
2 -1 2 -1 1 -1 16 -1 1 -1 #SUP: 107
2 -1 2 -1 1 -1 16 -1 1 -1 1 -1 #SUP: 102
2 -1 2 -1 1 -1 16 -1 1 -1 3 -1 #SUP: 102
2 -1 2 -1 1 -1 16 -1 2 -1 #SUP: 106
2 -1 2 -1 1 -1 16 -1 3 -1 #SUP: 112
2 -1 2 -1 1 -1 16 -1 3 -1 3 -1 #SUP: 104
2 -1 2 -1 1 -1 16 -1 13 -1 #SUP: 106
2 -1 2 -1 1 -1 16 -1 16 -1 #SUP: 105
2 -1 2 -1 1 -1 16 -1 18 -1 #SUP: 105
2 -1 2 -1 1 -1 16 -1 18 -1 13 -1 #SUP: 103
2 -1 2 -1 1 -1 18 -1 #SUP: 125
2 -1 2 -1 1 -1 18 -1 0 -1 #SUP: 103
2 -1 2 -1 1 -1 18 -1 1 -1 #SUP: 105
2 -1 2 -1 1 -1 18 -1 2 -1 #SUP: 108
2 -1 2 -1 1 -1 18 -1 3 -1 #SUP: 117
2 -1 2 -1 1 -1 18 -1 3 -1 2 -1 #SUP: 102
2 -1 2 -1 1 -1 18 -1 3 -1 3 -1 #SUP: 110
2 -1 2 -1 1 -1 18 -1 6 -1 #SUP: 101
2 -1 2 -1 1 -1 18 -1 13 -1 #SUP: 121
2 -1 2 -1 1 -1 18 -1 13 -1 1 -1 #SUP: 102
2 -1 2 -1 1 -1 18 -1 13 -1 2 -1 #SUP: 105
2 -1 2 -1 1 -1 18 -1 13 -1 3 -1 #SUP: 113
2 -1 2 -1 1 -1 18 -1 13 -1 3 -1 3 -1 #SUP: 105
2 -1 2 -1 1 -1 18 -1 13 -1 13 -1 #SUP: 111
2 -1 2 -1 1 -1 18 -1 13 -1 13 -1 3 -1 #SUP: 103
2 -1 2 -1 1 -1 18 -1 13 -1 13 -1 13 -1 #SUP: 102
2 -1 2 -1 1 -1 18 -1 21 -1 #SUP: 106
2 -1 2 -1 1 -1 18 -1 21 -1 3 -1 #SUP: 102
2 -1 2 -1 1 -1 21 -1 #SUP: 111
2 -1 2 -1 1 -1 21 -1 2 -1 #SUP: 102
2 -1 2 -1 1 -1 21 -1 3 -1 #SUP: 108
2 -1 2 -1 1 -1 21 -1 13 -1 #SUP: 101
2 -1 2 -1 2 -1 #SUP: 135
2 -1 2 -1 2 -1 0 -1 #SUP: 119
2 -1 2 -1 2 -1 0 -1 0 -1 #SUP: 102
2 -1 2 -1 2 -1 0 -1 1 -1 #SUP: 116
2 -1 2 -1 2 -1 0 -1 1 -1 1 -1 #SUP: 114
2 -1 2 -1 2 -1 0 -1 1 -1 1 -1 3 -1 #SUP: 109
2 -1 2 -1 2 -1 0 -1 1 -1 3 -1 #SUP: 111
2 -1 2 -1 2 -1 0 -1 1 -1 13 -1 #SUP: 101
2 -1 2 -1 2 -1 0 -1 2 -1 #SUP: 108
2 -1 2 -1 2 -1 0 -1 2 -1 1 -1 #SUP: 101
2 -1 2 -1 2 -1 0 -1 2 -1 1 -1 1 -1 #SUP: 101
2 -1 2 -1 2 -1 0 -1 3 -1 #SUP: 113
2 -1 2 -1 2 -1 0 -1 3 -1 3 -1 #SUP: 101
2 -1 2 -1 2 -1 0 -1 13 -1 #SUP: 103
2 -1 2 -1 2 -1 0 -1 18 -1 #SUP: 101
2 -1 2 -1 2 -1 1 -1 #SUP: 126
2 -1 2 -1 2 -1 1 -1 0 -1 #SUP: 106
2 -1 2 -1 2 -1 1 -1 1 -1 #SUP: 125
2 -1 2 -1 2 -1 1 -1 1 -1 0 -1 #SUP: 105
2 -1 2 -1 2 -1 1 -1 1 -1 1 -1 #SUP: 105
2 -1 2 -1 2 -1 1 -1 1 -1 1 -1 1 -1 #SUP: 102
2 -1 2 -1 2 -1 1 -1 1 -1 2 -1 #SUP: 108
2 -1 2 -1 2 -1 1 -1 1 -1 3 -1 #SUP: 118
2 -1 2 -1 2 -1 1 -1 1 -1 3 -1 3 -1 #SUP: 107
2 -1 2 -1 2 -1 1 -1 1 -1 3 -1 13 -1 #SUP: 103
2 -1 2 -1 2 -1 1 -1 1 -1 13 -1 #SUP: 111
2 -1 2 -1 2 -1 1 -1 1 -1 13 -1 13 -1 #SUP: 104
2 -1 2 -1 2 -1 1 -1 1 -1 18 -1 #SUP: 110
2 -1 2 -1 2 -1 1 -1 1 -1 18 -1 13 -1 #SUP: 106
2 -1 2 -1 2 -1 1 -1 2 -1 #SUP: 110
2 -1 2 -1 2 -1 1 -1 3 -1 #SUP: 119
2 -1 2 -1 2 -1 1 -1 3 -1 2 -1 #SUP: 101
2 -1 2 -1 2 -1 1 -1 3 -1 3 -1 #SUP: 108
2 -1 2 -1 2 -1 1 -1 3 -1 13 -1 #SUP: 105
2 -1 2 -1 2 -1 1 -1 13 -1 #SUP: 111
2 -1 2 -1 2 -1 1 -1 13 -1 3 -1 #SUP: 101
2 -1 2 -1 2 -1 1 -1 13 -1 13 -1 #SUP: 104
2 -1 2 -1 2 -1 1 -1 16 -1 #SUP: 102
2 -1 2 -1 2 -1 1 -1 18 -1 #SUP: 111
2 -1 2 -1 2 -1 1 -1 18 -1 3 -1 #SUP: 104
2 -1 2 -1 2 -1 1 -1 18 -1 13 -1 #SUP: 107
2 -1 2 -1 2 -1 1 -1 18 -1 13 -1 13 -1 #SUP: 101
2 -1 2 -1 2 -1 1 -1 21 -1 #SUP: 102
2 -1 2 -1 2 -1 2 -1 #SUP: 118
2 -1 2 -1 2 -1 2 -1 0 -1 #SUP: 101
2 -1 2 -1 2 -1 2 -1 1 -1 #SUP: 108
2 -1 2 -1 2 -1 2 -1 1 -1 1 -1 #SUP: 107
2 -1 2 -1 2 -1 2 -1 1 -1 1 -1 3 -1 #SUP: 102
2 -1 2 -1 2 -1 2 -1 1 -1 3 -1 #SUP: 103
2 -1 2 -1 2 -1 2 -1 2 -1 #SUP: 104
2 -1 2 -1 2 -1 2 -1 3 -1 #SUP: 104
2 -1 2 -1 2 -1 3 -1 #SUP: 120
2 -1 2 -1 2 -1 3 -1 2 -1 #SUP: 102
2 -1 2 -1 2 -1 3 -1 3 -1 #SUP: 108
2 -1 2 -1 2 -1 3 -1 13 -1 #SUP: 105
2 -1 2 -1 2 -1 4 -1 #SUP: 101
2 -1 2 -1 2 -1 13 -1 #SUP: 112
2 -1 2 -1 2 -1 13 -1 3 -1 #SUP: 101
2 -1 2 -1 2 -1 13 -1 13 -1 #SUP: 105
2 -1 2 -1 2 -1 16 -1 #SUP: 102
2 -1 2 -1 2 -1 18 -1 #SUP: 111
2 -1 2 -1 2 -1 18 -1 3 -1 #SUP: 104
2 -1 2 -1 2 -1 18 -1 13 -1 #SUP: 107
2 -1 2 -1 2 -1 18 -1 13 -1 13 -1 #SUP: 101
2 -1 2 -1 2 -1 21 -1 #SUP: 102
2 -1 2 -1 3 -1 #SUP: 136
2 -1 2 -1 3 -1 0 -1 #SUP: 114
2 -1 2 -1 3 -1 0 -1 1 -1 #SUP: 105
2 -1 2 -1 3 -1 0 -1 1 -1 1 -1 #SUP: 102
2 -1 2 -1 3 -1 0 -1 2 -1 #SUP: 102
2 -1 2 -1 3 -1 1 -1 #SUP: 115
2 -1 2 -1 3 -1 1 -1 1 -1 #SUP: 110
2 -1 2 -1 3 -1 1 -1 1 -1 3 -1 #SUP: 105
2 -1 2 -1 3 -1 1 -1 3 -1 #SUP: 109
2 -1 2 -1 3 -1 1 -1 13 -1 #SUP: 101
2 -1 2 -1 3 -1 2 -1 #SUP: 118
2 -1 2 -1 3 -1 2 -1 0 -1 #SUP: 101
2 -1 2 -1 3 -1 2 -1 1 -1 #SUP: 103
2 -1 2 -1 3 -1 2 -1 1 -1 1 -1 #SUP: 103
2 -1 2 -1 3 -1 3 -1 #SUP: 125
2 -1 2 -1 3 -1 3 -1 0 -1 #SUP: 105
2 -1 2 -1 3 -1 3 -1 1 -1 #SUP: 104
2 -1 2 -1 3 -1 3 -1 1 -1 1 -1 #SUP: 101
2 -1 2 -1 3 -1 3 -1 2 -1 #SUP: 107
2 -1 2 -1 3 -1 3 -1 3 -1 #SUP: 116
2 -1 2 -1 3 -1 3 -1 3 -1 2 -1 #SUP: 101
2 -1 2 -1 3 -1 3 -1 3 -1 3 -1 #SUP: 110
2 -1 2 -1 3 -1 3 -1 3 -1 3 -1 3 -1 #SUP: 106
2 -1 2 -1 3 -1 3 -1 4 -1 #SUP: 101
2 -1 2 -1 3 -1 3 -1 13 -1 #SUP: 103
2 -1 2 -1 3 -1 4 -1 #SUP: 114
2 -1 2 -1 3 -1 4 -1 2 -1 #SUP: 103
2 -1 2 -1 3 -1 4 -1 3 -1 #SUP: 106
2 -1 2 -1 3 -1 13 -1 #SUP: 115
2 -1 2 -1 3 -1 13 -1 3 -1 #SUP: 108
2 -1 2 -1 3 -1 13 -1 13 -1 #SUP: 107
2 -1 2 -1 3 -1 18 -1 #SUP: 103
2 -1 2 -1 4 -1 #SUP: 119
2 -1 2 -1 4 -1 0 -1 #SUP: 102
2 -1 2 -1 4 -1 1 -1 #SUP: 103
2 -1 2 -1 4 -1 2 -1 #SUP: 107
2 -1 2 -1 4 -1 3 -1 #SUP: 111
2 -1 2 -1 4 -1 4 -1 #SUP: 106
2 -1 2 -1 6 -1 #SUP: 104
2 -1 2 -1 6 -1 3 -1 #SUP: 102
2 -1 2 -1 10 -1 #SUP: 103
2 -1 2 -1 13 -1 #SUP: 130
2 -1 2 -1 13 -1 0 -1 #SUP: 107
2 -1 2 -1 13 -1 1 -1 #SUP: 107
2 -1 2 -1 13 -1 2 -1 #SUP: 109
2 -1 2 -1 13 -1 3 -1 #SUP: 117
2 -1 2 -1 13 -1 3 -1 2 -1 #SUP: 101
2 -1 2 -1 13 -1 3 -1 3 -1 #SUP: 107
2 -1 2 -1 13 -1 13 -1 #SUP: 116
2 -1 2 -1 13 -1 13 -1 2 -1 #SUP: 101
2 -1 2 -1 13 -1 13 -1 3 -1 #SUP: 106
2 -1 2 -1 13 -1 13 -1 13 -1 #SUP: 107
2 -1 2 -1 13 -1 13 -1 13 -1 13 -1 #SUP: 101
2 -1 2 -1 13 -1 16 -1 #SUP: 102
2 -1 2 -1 16 -1 #SUP: 119
2 -1 2 -1 16 -1 0 -1 #SUP: 107
2 -1 2 -1 16 -1 1 -1 #SUP: 108
2 -1 2 -1 16 -1 1 -1 1 -1 #SUP: 103
2 -1 2 -1 16 -1 1 -1 3 -1 #SUP: 103
2 -1 2 -1 16 -1 2 -1 #SUP: 107
2 -1 2 -1 16 -1 3 -1 #SUP: 113
2 -1 2 -1 16 -1 3 -1 3 -1 #SUP: 104
2 -1 2 -1 16 -1 13 -1 #SUP: 106
2 -1 2 -1 16 -1 16 -1 #SUP: 105
2 -1 2 -1 16 -1 18 -1 #SUP: 105
2 -1 2 -1 16 -1 18 -1 13 -1 #SUP: 103
2 -1 2 -1 18 -1 #SUP: 126
2 -1 2 -1 18 -1 0 -1 #SUP: 105
2 -1 2 -1 18 -1 1 -1 #SUP: 107
2 -1 2 -1 18 -1 1 -1 3 -1 #SUP: 101
2 -1 2 -1 18 -1 2 -1 #SUP: 109
2 -1 2 -1 18 -1 3 -1 #SUP: 118
2 -1 2 -1 18 -1 3 -1 2 -1 #SUP: 103
2 -1 2 -1 18 -1 3 -1 3 -1 #SUP: 111
2 -1 2 -1 18 -1 3 -1 3 -1 3 -1 #SUP: 102
2 -1 2 -1 18 -1 6 -1 #SUP: 101
2 -1 2 -1 18 -1 13 -1 #SUP: 122
2 -1 2 -1 18 -1 13 -1 1 -1 #SUP: 104
2 -1 2 -1 18 -1 13 -1 2 -1 #SUP: 106
2 -1 2 -1 18 -1 13 -1 3 -1 #SUP: 114
2 -1 2 -1 18 -1 13 -1 3 -1 3 -1 #SUP: 106
2 -1 2 -1 18 -1 13 -1 13 -1 #SUP: 112
2 -1 2 -1 18 -1 13 -1 13 -1 3 -1 #SUP: 104
2 -1 2 -1 18 -1 13 -1 13 -1 13 -1 #SUP: 103
2 -1 2 -1 18 -1 21 -1 #SUP: 107
2 -1 2 -1 18 -1 21 -1 3 -1 #SUP: 103
2 -1 2 -1 21 -1 #SUP: 112
2 -1 2 -1 21 -1 2 -1 #SUP: 103
2 -1 2 -1 21 -1 3 -1 #SUP: 109
2 -1 2 -1 21 -1 3 -1 3 -1 #SUP: 101
2 -1 2 -1 21 -1 13 -1 #SUP: 102
2 -1 3 -1 #SUP: 159
2 -1 3 -1 0 -1 #SUP: 129
2 -1 3 -1 0 -1 0 -1 #SUP: 103
2 -1 3 -1 0 -1 1 -1 #SUP: 115
2 -1 3 -1 0 -1 1 -1 0 -1 #SUP: 101
2 -1 3 -1 0 -1 1 -1 1 -1 #SUP: 113
2 -1 3 -1 0 -1 1 -1 1 -1 3 -1 #SUP: 108
2 -1 3 -1 0 -1 1 -1 2 -1 #SUP: 101
2 -1 3 -1 0 -1 1 -1 3 -1 #SUP: 108
2 -1 3 -1 0 -1 1 -1 13 -1 #SUP: 102
2 -1 3 -1 0 -1 2 -1 #SUP: 112
2 -1 3 -1 0 -1 2 -1 1 -1 #SUP: 109
2 -1 3 -1 0 -1 2 -1 1 -1 1 -1 #SUP: 108
2 -1 3 -1 0 -1 2 -1 1 -1 1 -1 3 -1 #SUP: 102
2 -1 3 -1 0 -1 2 -1 1 -1 3 -1 #SUP: 103
2 -1 3 -1 0 -1 2 -1 2 -1 #SUP: 102
2 -1 3 -1 0 -1 2 -1 3 -1 #SUP: 103
2 -1 3 -1 0 -1 3 -1 #SUP: 109
2 -1 3 -1 0 -1 13 -1 #SUP: 103
2 -1 3 -1 1 -1 #SUP: 129
2 -1 3 -1 1 -1 0 -1 #SUP: 110
2 -1 3 -1 1 -1 1 -1 #SUP: 119
2 -1 3 -1 1 -1 1 -1 0 -1 #SUP: 104
2 -1 3 -1 1 -1 1 -1 1 -1 #SUP: 106
2 -1 3 -1 1 -1 1 -1 2 -1 #SUP: 104
2 -1 3 -1 1 -1 1 -1 3 -1 #SUP: 113
2 -1 3 -1 1 -1 1 -1 3 -1 3 -1 #SUP: 104
2 -1 3 -1 1 -1 1 -1 3 -1 3 -1 3 -1 #SUP: 101
2 -1 3 -1 1 -1 1 -1 13 -1 #SUP: 104
2 -1 3 -1 1 -1 2 -1 #SUP: 108
2 -1 3 -1 1 -1 3 -1 #SUP: 121
2 -1 3 -1 1 -1 3 -1 0 -1 #SUP: 103
2 -1 3 -1 1 -1 3 -1 3 -1 #SUP: 108
2 -1 3 -1 1 -1 3 -1 3 -1 3 -1 #SUP: 103
2 -1 3 -1 1 -1 4 -1 #SUP: 101
2 -1 3 -1 1 -1 13 -1 #SUP: 108
2 -1 3 -1 2 -1 #SUP: 131
2 -1 3 -1 2 -1 0 -1 #SUP: 110
2 -1 3 -1 2 -1 0 -1 1 -1 #SUP: 105
2 -1 3 -1 2 -1 0 -1 1 -1 1 -1 #SUP: 105
2 -1 3 -1 2 -1 0 -1 1 -1 1 -1 3 -1 #SUP: 102
2 -1 3 -1 2 -1 0 -1 1 -1 3 -1 #SUP: 102
2 -1 3 -1 2 -1 0 -1 2 -1 #SUP: 102
2 -1 3 -1 2 -1 0 -1 3 -1 #SUP: 103
2 -1 3 -1 2 -1 1 -1 #SUP: 112
2 -1 3 -1 2 -1 1 -1 1 -1 #SUP: 111
2 -1 3 -1 2 -1 1 -1 1 -1 3 -1 #SUP: 106
2 -1 3 -1 2 -1 1 -1 3 -1 #SUP: 107
2 -1 3 -1 2 -1 1 -1 13 -1 #SUP: 101
2 -1 3 -1 2 -1 2 -1 #SUP: 107
2 -1 3 -1 2 -1 2 -1 1 -1 #SUP: 102
2 -1 3 -1 2 -1 2 -1 1 -1 1 -1 #SUP: 102
2 -1 3 -1 2 -1 3 -1 #SUP: 107
2 -1 3 -1 2 -1 13 -1 #SUP: 102
2 -1 3 -1 3 -1 #SUP: 143
2 -1 3 -1 3 -1 0 -1 #SUP: 114
2 -1 3 -1 3 -1 0 -1 1 -1 #SUP: 101
2 -1 3 -1 3 -1 1 -1 #SUP: 113
2 -1 3 -1 3 -1 1 -1 0 -1 #SUP: 103
2 -1 3 -1 3 -1 1 -1 1 -1 #SUP: 105
2 -1 3 -1 3 -1 1 -1 3 -1 #SUP: 107
2 -1 3 -1 3 -1 2 -1 #SUP: 117
2 -1 3 -1 3 -1 3 -1 #SUP: 131
2 -1 3 -1 3 -1 3 -1 0 -1 #SUP: 109
2 -1 3 -1 3 -1 3 -1 1 -1 #SUP: 108
2 -1 3 -1 3 -1 3 -1 1 -1 1 -1 #SUP: 102
2 -1 3 -1 3 -1 3 -1 1 -1 3 -1 #SUP: 103
2 -1 3 -1 3 -1 3 -1 2 -1 #SUP: 111
2 -1 3 -1 3 -1 3 -1 3 -1 #SUP: 123
2 -1 3 -1 3 -1 3 -1 3 -1 0 -1 #SUP: 104
2 -1 3 -1 3 -1 3 -1 3 -1 1 -1 #SUP: 102
2 -1 3 -1 3 -1 3 -1 3 -1 2 -1 #SUP: 106
2 -1 3 -1 3 -1 3 -1 3 -1 3 -1 #SUP: 119
2 -1 3 -1 3 -1 3 -1 3 -1 3 -1 0 -1 #SUP: 103
2 -1 3 -1 3 -1 3 -1 3 -1 3 -1 2 -1 #SUP: 102
2 -1 3 -1 3 -1 3 -1 3 -1 3 -1 3 -1 #SUP: 110
2 -1 3 -1 3 -1 3 -1 3 -1 3 -1 3 -1 3 -1 #SUP: 101
2 -1 3 -1 3 -1 3 -1 3 -1 3 -1 13 -1 #SUP: 101
2 -1 3 -1 3 -1 3 -1 3 -1 13 -1 #SUP: 103
2 -1 3 -1 3 -1 3 -1 4 -1 #SUP: 104
2 -1 3 -1 3 -1 3 -1 13 -1 #SUP: 107
2 -1 3 -1 3 -1 4 -1 #SUP: 117
2 -1 3 -1 3 -1 4 -1 2 -1 #SUP: 103
2 -1 3 -1 3 -1 4 -1 3 -1 #SUP: 109
2 -1 3 -1 3 -1 6 -1 #SUP: 104
2 -1 3 -1 3 -1 6 -1 3 -1 #SUP: 102
2 -1 3 -1 3 -1 13 -1 #SUP: 113
2 -1 3 -1 3 -1 13 -1 3 -1 #SUP: 105
2 -1 3 -1 3 -1 13 -1 3 -1 3 -1 #SUP: 101
2 -1 3 -1 3 -1 13 -1 13 -1 #SUP: 103
2 -1 3 -1 3 -1 18 -1 #SUP: 104
2 -1 3 -1 3 -1 21 -1 #SUP: 101
2 -1 3 -1 4 -1 #SUP: 129
2 -1 3 -1 4 -1 0 -1 #SUP: 108
2 -1 3 -1 4 -1 1 -1 #SUP: 106
2 -1 3 -1 4 -1 2 -1 #SUP: 110
2 -1 3 -1 4 -1 3 -1 #SUP: 119
2 -1 3 -1 4 -1 3 -1 3 -1 #SUP: 103
2 -1 3 -1 4 -1 4 -1 #SUP: 106
2 -1 3 -1 6 -1 #SUP: 107
2 -1 3 -1 6 -1 3 -1 #SUP: 105
2 -1 3 -1 6 -1 3 -1 3 -1 #SUP: 101
2 -1 3 -1 10 -1 #SUP: 106
2 -1 3 -1 10 -1 3 -1 #SUP: 103
2 -1 3 -1 10 -1 11 -1 #SUP: 102
2 -1 3 -1 11 -1 #SUP: 108
2 -1 3 -1 11 -1 3 -1 #SUP: 102
2 -1 3 -1 13 -1 #SUP: 127
2 -1 3 -1 13 -1 0 -1 #SUP: 108
2 -1 3 -1 13 -1 1 -1 #SUP: 106
2 -1 3 -1 13 -1 1 -1 1 -1 #SUP: 101
2 -1 3 -1 13 -1 1 -1 3 -1 #SUP: 101
2 -1 3 -1 13 -1 2 -1 #SUP: 107
2 -1 3 -1 13 -1 3 -1 #SUP: 119
2 -1 3 -1 13 -1 3 -1 2 -1 #SUP: 101
2 -1 3 -1 13 -1 3 -1 3 -1 #SUP: 108
2 -1 3 -1 13 -1 3 -1 3 -1 3 -1 #SUP: 102
2 -1 3 -1 13 -1 13 -1 #SUP: 112
2 -1 3 -1 13 -1 13 -1 3 -1 #SUP: 104
2 -1 3 -1 13 -1 13 -1 13 -1 #SUP: 107
2 -1 3 -1 18 -1 #SUP: 113
2 -1 3 -1 18 -1 0 -1 #SUP: 103
2 -1 3 -1 18 -1 3 -1 #SUP: 106
2 -1 3 -1 18 -1 13 -1 #SUP: 109
2 -1 3 -1 18 -1 13 -1 3 -1 #SUP: 103
2 -1 3 -1 21 -1 #SUP: 109
2 -1 3 -1 21 -1 3 -1 #SUP: 104
2 -1 4 -1 #SUP: 137
2 -1 4 -1 0 -1 #SUP: 111
2 -1 4 -1 0 -1 1 -1 #SUP: 101
2 -1 4 -1 0 -1 2 -1 #SUP: 101
2 -1 4 -1 1 -1 #SUP: 110
2 -1 4 -1 1 -1 1 -1 #SUP: 104
2 -1 4 -1 2 -1 #SUP: 116
2 -1 4 -1 3 -1 #SUP: 124
2 -1 4 -1 3 -1 0 -1 #SUP: 105
2 -1 4 -1 3 -1 1 -1 #SUP: 102
2 -1 4 -1 3 -1 2 -1 #SUP: 106
2 -1 4 -1 3 -1 3 -1 #SUP: 111
2 -1 4 -1 3 -1 4 -1 #SUP: 102
2 -1 4 -1 4 -1 #SUP: 118
2 -1 4 -1 4 -1 2 -1 #SUP: 101
2 -1 4 -1 4 -1 3 -1 #SUP: 105
2 -1 4 -1 13 -1 #SUP: 101
2 -1 6 -1 #SUP: 122
2 -1 6 -1 2 -1 #SUP: 106
2 -1 6 -1 3 -1 #SUP: 118
2 -1 6 -1 3 -1 2 -1 #SUP: 104
2 -1 6 -1 3 -1 3 -1 #SUP: 110
2 -1 6 -1 3 -1 3 -1 3 -1 #SUP: 102
2 -1 6 -1 13 -1 #SUP: 104
2 -1 6 -1 21 -1 #SUP: 111
2 -1 6 -1 21 -1 3 -1 #SUP: 107
2 -1 8 -1 #SUP: 110
2 -1 8 -1 3 -1 #SUP: 109
2 -1 10 -1 #SUP: 116
2 -1 10 -1 1 -1 #SUP: 101
2 -1 10 -1 3 -1 #SUP: 112
2 -1 10 -1 3 -1 3 -1 #SUP: 101
2 -1 10 -1 11 -1 #SUP: 112
2 -1 10 -1 11 -1 3 -1 #SUP: 105
2 -1 11 -1 #SUP: 112
2 -1 11 -1 3 -1 #SUP: 105
2 -1 12 -1 #SUP: 105
2 -1 13 -1 #SUP: 154
2 -1 13 -1 0 -1 #SUP: 119
2 -1 13 -1 0 -1 1 -1 #SUP: 108
2 -1 13 -1 0 -1 1 -1 1 -1 #SUP: 105
2 -1 13 -1 0 -1 2 -1 #SUP: 105
2 -1 13 -1 1 -1 #SUP: 120
2 -1 13 -1 1 -1 1 -1 #SUP: 109
2 -1 13 -1 1 -1 1 -1 1 -1 #SUP: 102
2 -1 13 -1 1 -1 1 -1 3 -1 #SUP: 101
2 -1 13 -1 1 -1 2 -1 #SUP: 104
2 -1 13 -1 1 -1 3 -1 #SUP: 109
2 -1 13 -1 1 -1 13 -1 #SUP: 105
2 -1 13 -1 2 -1 #SUP: 125
2 -1 13 -1 2 -1 0 -1 #SUP: 104
2 -1 13 -1 2 -1 1 -1 #SUP: 106
2 -1 13 -1 2 -1 1 -1 1 -1 #SUP: 104
2 -1 13 -1 2 -1 2 -1 #SUP: 102
2 -1 13 -1 3 -1 #SUP: 131
2 -1 13 -1 3 -1 0 -1 #SUP: 103
2 -1 13 -1 3 -1 1 -1 #SUP: 104
2 -1 13 -1 3 -1 2 -1 #SUP: 110
2 -1 13 -1 3 -1 3 -1 #SUP: 116
2 -1 13 -1 3 -1 3 -1 1 -1 #SUP: 101
2 -1 13 -1 3 -1 3 -1 2 -1 #SUP: 102
2 -1 13 -1 3 -1 3 -1 3 -1 #SUP: 108
2 -1 13 -1 3 -1 13 -1 #SUP: 103
2 -1 13 -1 4 -1 #SUP: 106
2 -1 13 -1 10 -1 #SUP: 101
2 -1 13 -1 13 -1 #SUP: 132
2 -1 13 -1 13 -1 0 -1 #SUP: 108
2 -1 13 -1 13 -1 1 -1 #SUP: 106
2 -1 13 -1 13 -1 1 -1 1 -1 #SUP: 101
2 -1 13 -1 13 -1 2 -1 #SUP: 111
2 -1 13 -1 13 -1 3 -1 #SUP: 113
2 -1 13 -1 13 -1 13 -1 #SUP: 121
2 -1 13 -1 13 -1 13 -1 0 -1 #SUP: 102
2 -1 13 -1 13 -1 13 -1 2 -1 #SUP: 104
2 -1 13 -1 13 -1 13 -1 3 -1 #SUP: 106
2 -1 13 -1 13 -1 13 -1 13 -1 #SUP: 110
2 -1 13 -1 13 -1 13 -1 13 -1 13 -1 #SUP: 106
2 -1 13 -1 13 -1 13 -1 13 -1 13 -1 13 -1 #SUP: 101
2 -1 13 -1 16 -1 #SUP: 110
2 -1 13 -1 16 -1 3 -1 #SUP: 101
2 -1 13 -1 21 -1 #SUP: 103
2 -1 16 -1 #SUP: 125
2 -1 16 -1 0 -1 #SUP: 109
2 -1 16 -1 0 -1 1 -1 #SUP: 102
2 -1 16 -1 0 -1 2 -1 #SUP: 101
2 -1 16 -1 1 -1 #SUP: 110
2 -1 16 -1 1 -1 1 -1 #SUP: 105
2 -1 16 -1 1 -1 3 -1 #SUP: 105
2 -1 16 -1 2 -1 #SUP: 110
2 -1 16 -1 2 -1 1 -1 #SUP: 101
2 -1 16 -1 3 -1 #SUP: 115
2 -1 16 -1 3 -1 1 -1 #SUP: 101
2 -1 16 -1 3 -1 3 -1 #SUP: 105
2 -1 16 -1 13 -1 #SUP: 110
2 -1 16 -1 13 -1 13 -1 #SUP: 101
2 -1 16 -1 13 -1 16 -1 #SUP: 103
2 -1 16 -1 16 -1 #SUP: 108
2 -1 16 -1 18 -1 #SUP: 107
2 -1 16 -1 18 -1 13 -1 #SUP: 104
2 -1 18 -1 #SUP: 141
2 -1 18 -1 0 -1 #SUP: 115
2 -1 18 -1 0 -1 1 -1 #SUP: 106
2 -1 18 -1 0 -1 1 -1 1 -1 #SUP: 103
2 -1 18 -1 0 -1 2 -1 #SUP: 104
2 -1 18 -1 0 -1 3 -1 #SUP: 101
2 -1 18 -1 1 -1 #SUP: 116
2 -1 18 -1 1 -1 1 -1 #SUP: 107
2 -1 18 -1 1 -1 1 -1 3 -1 #SUP: 103
2 -1 18 -1 1 -1 2 -1 #SUP: 103
2 -1 18 -1 1 -1 3 -1 #SUP: 109
2 -1 18 -1 2 -1 #SUP: 120
2 -1 18 -1 2 -1 0 -1 #SUP: 102
2 -1 18 -1 2 -1 1 -1 #SUP: 104
2 -1 18 -1 2 -1 1 -1 1 -1 #SUP: 103
2 -1 18 -1 3 -1 #SUP: 130
2 -1 18 -1 3 -1 0 -1 #SUP: 104
2 -1 18 -1 3 -1 1 -1 #SUP: 106
2 -1 18 -1 3 -1 1 -1 1 -1 #SUP: 102
2 -1 18 -1 3 -1 1 -1 3 -1 #SUP: 103
2 -1 18 -1 3 -1 2 -1 #SUP: 113
2 -1 18 -1 3 -1 3 -1 #SUP: 118
2 -1 18 -1 3 -1 3 -1 1 -1 #SUP: 102
2 -1 18 -1 3 -1 3 -1 2 -1 #SUP: 103
2 -1 18 -1 3 -1 3 -1 3 -1 #SUP: 109
2 -1 18 -1 3 -1 3 -1 3 -1 3 -1 #SUP: 102
2 -1 18 -1 3 -1 4 -1 #SUP: 101
2 -1 18 -1 3 -1 13 -1 #SUP: 107
2 -1 18 -1 3 -1 13 -1 3 -1 #SUP: 103
2 -1 18 -1 3 -1 13 -1 13 -1 #SUP: 101
2 -1 18 -1 4 -1 #SUP: 108
2 -1 18 -1 6 -1 #SUP: 109
2 -1 18 -1 6 -1 3 -1 #SUP: 103
2 -1 18 -1 10 -1 #SUP: 103
2 -1 18 -1 13 -1 #SUP: 135
2 -1 18 -1 13 -1 0 -1 #SUP: 107
2 -1 18 -1 13 -1 0 -1 1 -1 #SUP: 101
2 -1 18 -1 13 -1 1 -1 #SUP: 112
2 -1 18 -1 13 -1 1 -1 1 -1 #SUP: 102
2 -1 18 -1 13 -1 1 -1 3 -1 #SUP: 105
2 -1 18 -1 13 -1 2 -1 #SUP: 115
2 -1 18 -1 13 -1 3 -1 #SUP: 125
2 -1 18 -1 13 -1 3 -1 1 -1 #SUP: 101
2 -1 18 -1 13 -1 3 -1 2 -1 #SUP: 107
2 -1 18 -1 13 -1 3 -1 3 -1 #SUP: 113
2 -1 18 -1 13 -1 3 -1 3 -1 2 -1 #SUP: 101
2 -1 18 -1 13 -1 3 -1 3 -1 3 -1 #SUP: 106
2 -1 18 -1 13 -1 4 -1 #SUP: 104
2 -1 18 -1 13 -1 13 -1 #SUP: 117
2 -1 18 -1 13 -1 13 -1 2 -1 #SUP: 101
2 -1 18 -1 13 -1 13 -1 3 -1 #SUP: 108
2 -1 18 -1 13 -1 13 -1 13 -1 #SUP: 110
2 -1 18 -1 13 -1 13 -1 13 -1 3 -1 #SUP: 102
2 -1 18 -1 13 -1 13 -1 13 -1 13 -1 #SUP: 102
2 -1 18 -1 13 -1 21 -1 #SUP: 101
2 -1 18 -1 16 -1 #SUP: 101
2 -1 18 -1 21 -1 #SUP: 115
2 -1 18 -1 21 -1 2 -1 #SUP: 104
2 -1 18 -1 21 -1 3 -1 #SUP: 111
2 -1 18 -1 21 -1 3 -1 3 -1 #SUP: 102
2 -1 18 -1 21 -1 13 -1 #SUP: 105
2 -1 21 -1 #SUP: 125
2 -1 21 -1 0 -1 #SUP: 102
2 -1 21 -1 1 -1 #SUP: 104
2 -1 21 -1 1 -1 3 -1 #SUP: 102
2 -1 21 -1 2 -1 #SUP: 112
2 -1 21 -1 3 -1 #SUP: 120
2 -1 21 -1 3 -1 2 -1 #SUP: 108
2 -1 21 -1 3 -1 3 -1 #SUP: 110
2 -1 21 -1 3 -1 3 -1 3 -1 #SUP: 104
2 -1 21 -1 13 -1 #SUP: 111
2 -1 21 -1 13 -1 3 -1 #SUP: 107
